# seed=42 repetitions=10 available_processors=16 memory_limit_mib=512
# máximo medido en serie=512; siguiente tamaño: doble de 512, excede --max-size configurado
# rows cols layout schedule chunk requested_threads actual_threads repetitions mean_s stddev_s rmse parseval_relative_error
128 128 0 0 0 1 1 10 0.0042468208999707716 5.8062601725171169e-05 3.4408391759652541e-16 0
128 128 0 0 0 2 2 10 0.0022654770002191074 0.0001373862192170042 3.4408391759652541e-16 6.7041557002907548e-15
128 128 0 0 0 4 4 10 0.0018302926997421306 0.00093839266251370982 3.4408391759652541e-16 2.011246710087231e-15
128 128 0 0 0 8 8 10 0.0014633816999776172 0.00030742183344638357 3.4408391759652541e-16 5.0281167752180882e-16
128 128 1 0 0 1 1 10 0.0041418215998419335 0.00015066820933687606 3.4408391759652541e-16 0
128 128 1 0 0 2 2 10 0.0021511901997655516 0.00016971046323858966 3.4408391759652541e-16 6.7041557002907548e-15
128 128 1 0 0 4 4 10 0.0013331435995496577 0.0001778965621864827 3.4408391759652541e-16 2.011246710087231e-15
128 128 1 0 0 8 8 10 0.0012676537000515964 0.00019278262896961699 3.4408391759652541e-16 6.7041557002907827e-16
256 256 0 0 0 1 1 10 0.016940567200254011 0.0017428799555330762 3.8139254178653828e-16 8.3436255934465186e-15
256 256 0 0 0 2 2 10 0.0097855171001356225 0.00081525935509153575 3.8139254178653828e-16 1.1681075830825009e-14
256 256 0 0 0 4 4 10 0.0064641796001524195 0.0016126930139982779 3.8139254178653828e-16 2.6699601899028775e-15
256 256 0 0 0 8 8 10 0.0050329771000178882 0.00088352799632986762 3.8139254178653828e-16 8.3436255934464616e-16
256 256 1 0 0 1 1 10 0.019920486900446122 0.003975757891948632 3.8139254178653828e-16 8.3436255934465186e-15
256 256 1 0 0 2 2 10 0.015898633199867618 0.00081827758953548723 3.8139254178653828e-16 1.1681075830825009e-14
256 256 1 0 0 4 4 10 0.0098857920998852919 0.0018685766912323141 3.8139254178653828e-16 2.8368327017718071e-15
256 256 1 0 0 8 8 10 0.0077310189000854741 0.0010981601418132492 3.8139254178653828e-16 1.0012350712135751e-15
512 512 0 0 0 1 1 10 0.076489862299422395 0.0090278884912301013 4.1479554550031966e-16 2.5677272553665336e-14
512 512 0 0 0 2 2 10 0.042871396300324702 0.0013725745664643016 4.1479554550031966e-16 2.5677272553664471e-14
512 512 0 0 0 4 4 10 0.024552323399802848 0.00096498471540521099 4.1479554550031966e-16 4.6685950097572094e-15
512 512 0 0 0 8 8 10 0.021154174599723772 0.0023647455004379694 4.1479554550031966e-16 5.0020660818826903e-16
512 512 1 0 0 1 1 10 0.068135258799884468 0.0065087711274603825 4.1479554550031966e-16 2.5677272553665336e-14
512 512 1 0 0 2 2 10 0.03996065350020217 0.0026633394963868607 4.1479554550031966e-16 2.5677272553664471e-14
512 512 1 0 0 4 4 10 0.024186467999788869 0.0014141719507286376 4.1479554550031966e-16 4.8353305458199676e-15
512 512 1 0 0 8 8 10 0.019294421399536073 0.00040015297964717808 4.1479554550031966e-16 5.0020660818826903e-16
256 256 0 0 1 1 1 10 0.015360726099970634 0.0016016415410197839 3.8139254178653828e-16 8.3436255934465186e-15
256 256 0 0 1 8 8 10 0.0050087240995708264 0.00062849487303361345 3.8139254178653828e-16 6.6749004747571691e-16
256 256 0 0 2 1 1 10 0.014922417299749214 0.0018467579318256874 3.8139254178653828e-16 8.3436255934465186e-15
256 256 0 0 2 8 8 10 0.0047474132999923311 0.00077292476988512844 3.8139254178653828e-16 8.3436255934464616e-16
256 256 0 0 4 1 1 10 0.014998987600120016 0.0014377993109240775 3.8139254178653828e-16 8.3436255934465186e-15
256 256 0 0 4 8 8 10 0.0050405486001182005 0.00098534573042331178 3.8139254178653828e-16 8.3436255934464616e-16
256 256 0 0 8 1 1 10 0.015202010499706375 0.0014648702441241496 3.8139254178653828e-16 8.3436255934465186e-15
256 256 0 0 8 8 8 10 0.0051534948996049927 0.0012651223219223289 3.8139254178653828e-16 8.3436255934464616e-16
256 256 0 0 16 1 1 10 0.014985008700205072 0.0016582029820609188 3.8139254178653828e-16 8.3436255934465186e-15
256 256 0 0 16 8 8 10 0.0050145056997280332 0.00091774321719742286 3.8139254178653828e-16 8.3436255934464616e-16
256 256 0 0 32 1 1 10 0.015387075300168362 0.0016152420336345143 3.8139254178653828e-16 8.3436255934465186e-15
256 256 0 0 32 8 8 10 0.004848289599794952 0.00044001469656669047 3.8139254178653828e-16 8.3436255934464616e-16
256 256 0 0 64 1 1 10 0.015757473699704861 0.0014898253281940481 3.8139254178653828e-16 8.3436255934465186e-15
256 256 0 0 64 8 8 10 0.0056758740998702709 0.00097694574190900613 3.8139254178653828e-16 8.3436255934464616e-16
256 256 0 1 1 1 1 10 0.016104221199566383 0.0011363410029071725 3.8139254178653828e-16 8.3436255934465186e-15
256 256 0 1 1 8 8 10 0.004407805299888423 0.00059316372698464031 3.8139254178653828e-16 1.0012350712135751e-15
256 256 0 1 2 1 1 10 0.02562938730006863 0.0058654520676853644 3.8139254178653828e-16 8.3436255934465186e-15
256 256 0 1 2 8 8 10 0.0035452916998110597 0.00017540380274756018 3.8139254178653828e-16 8.3436255934464616e-16
256 256 0 1 4 1 1 10 0.015209536899965315 0.0012658841180576176 3.8139254178653828e-16 8.3436255934465186e-15
256 256 0 1 4 8 8 10 0.0038363142000889636 0.00087809223162421798 3.8139254178653828e-16 8.3436255934464616e-16
256 256 0 1 8 1 1 10 0.015217011500135415 0.001536844379559392 3.8139254178653828e-16 8.3436255934465186e-15
256 256 0 1 8 8 8 10 0.0037406622996059014 0.00024465402667156775 3.8139254178653828e-16 1.0012350712135751e-15
256 256 0 1 16 1 1 10 0.01559751199984021 0.001501489825911905 3.8139254178653828e-16 8.3436255934465186e-15
256 256 0 1 16 8 8 10 0.0048808457999257376 0.00033810802531555802 3.8139254178653828e-16 8.3436255934464616e-16
256 256 0 1 32 1 1 10 0.016814920700016955 0.0012431722882170844 3.8139254178653828e-16 8.3436255934465186e-15
256 256 0 1 32 8 8 10 0.0046609365002950659 0.00032655874352952372 3.8139254178653828e-16 1.0012350712135753e-15
256 256 0 1 64 1 1 10 0.015999351899699834 0.0025507407183945319 3.8139254178653828e-16 8.3436255934465186e-15
256 256 0 1 64 8 8 10 0.0071879985000123268 0.0011100938815535009 3.8139254178653828e-16 8.3436255934464616e-16
256 256 0 2 1 1 1 10 0.014735333399949013 0.0014519035713508944 3.8139254178653828e-16 8.3436255934465186e-15
256 256 0 2 1 8 8 10 0.0039322794998952306 0.00069523660518917374 3.8139254178653828e-16 6.67490047475717e-16
256 256 0 2 2 1 1 10 0.01471638430011808 0.0010052663442589565 3.8139254178653828e-16 8.3436255934465186e-15
256 256 0 2 2 8 8 10 0.0040245198993943635 0.00094712662554068345 3.8139254178653828e-16 6.67490047475717e-16
256 256 0 2 4 1 1 10 0.014820365499872423 0.001654569952802364 3.8139254178653828e-16 8.3436255934465186e-15
256 256 0 2 4 8 8 10 0.0039614819001144493 0.00039500980310950841 3.8139254178653828e-16 8.3436255934464626e-16
256 256 0 2 8 1 1 10 0.016428732700296683 0.0018543717463443221 3.8139254178653828e-16 8.3436255934465186e-15
256 256 0 2 8 8 8 10 0.0040987321002830864 0.00083887335489311909 3.8139254178653828e-16 8.3436255934464616e-16
256 256 0 2 16 1 1 10 0.015359825100313173 0.0013873138567402415 3.8139254178653828e-16 8.3436255934465186e-15
256 256 0 2 16 8 8 10 0.0045858982000936523 0.0010796758343799119 3.8139254178653828e-16 1.0012350712135753e-15
256 256 0 2 32 1 1 10 0.015182721399833099 0.0015700398804911872 3.8139254178653828e-16 8.3436255934465186e-15
256 256 0 2 32 8 8 10 0.0047439824997127294 0.0008422258800034933 3.8139254178653828e-16 6.67490047475717e-16
256 256 0 2 64 1 1 10 0.015380450000338896 0.0018415159190265915 3.8139254178653828e-16 8.3436255934465186e-15
256 256 0 2 64 8 8 10 0.0080803643002582259 0.0016683411501990978 3.8139254178653828e-16 1.0012350712135753e-15
256 256 1 0 1 1 1 10 0.016102966099970216 0.002171688267652596 3.8139254178653828e-16 8.3436255934465186e-15
256 256 1 0 1 8 8 10 0.0048343681995902449 0.00087455602255302365 3.8139254178653828e-16 8.3436255934464616e-16
256 256 1 0 2 1 1 10 0.015377943500243418 0.0016277621676872925 3.8139254178653828e-16 8.3436255934465186e-15
256 256 1 0 2 8 8 10 0.0058431000001291974 0.00055265113473382027 3.8139254178653828e-16 8.3436255934464616e-16
256 256 1 0 4 1 1 10 0.014881112699913501 0.0015139397771063063 3.8139254178653828e-16 8.3436255934465186e-15
256 256 1 0 4 8 8 10 0.0052696517996082548 0.0013015123242074125 3.8139254178653828e-16 1.0012350712135753e-15
256 256 1 0 8 1 1 10 0.014173180400030105 0.0013616694687741281 3.8139254178653828e-16 8.3436255934465186e-15
256 256 1 0 8 8 8 10 0.0047006792001411668 0.00056005699683634152 3.8139254178653828e-16 1.0012350712135753e-15
256 256 1 0 16 1 1 10 0.014768490599817597 0.0015221565287164064 3.8139254178653828e-16 8.3436255934465186e-15
256 256 1 0 16 8 8 10 0.0047279563998017691 0.00064551865085017625 3.8139254178653828e-16 8.3436255934464616e-16
256 256 1 0 32 1 1 10 0.015186951400573891 0.0018250695571305933 3.8139254178653828e-16 8.3436255934465186e-15
256 256 1 0 32 8 8 10 0.0048059341001135186 0.0015767078171394779 3.8139254178653828e-16 8.3436255934464616e-16
256 256 1 0 64 1 1 10 0.014894125899991196 0.0018537858536368211 3.8139254178653828e-16 8.3436255934465186e-15
256 256 1 0 64 8 8 10 0.0054630278002150597 0.00045692630255980238 3.8139254178653828e-16 6.67490047475717e-16
256 256 1 1 1 1 1 10 0.015008085000044958 0.0010386565064223394 3.8139254178653828e-16 8.3436255934465186e-15
256 256 1 1 1 8 8 10 0.0040512417997888399 0.00091163958554619118 3.8139254178653828e-16 1.0012350712135751e-15
256 256 1 1 2 1 1 10 0.015592452600321849 0.0012019994426395806 3.8139254178653828e-16 8.3436255934465186e-15
256 256 1 1 2 8 8 10 0.0037284894002368673 0.00031662881730806791 3.8139254178653828e-16 8.3436255934464616e-16
256 256 1 1 4 1 1 10 0.016195552199860686 0.0010547197814685773 3.8139254178653828e-16 8.3436255934465186e-15
256 256 1 1 4 8 8 10 0.0038388426995879855 0.0011121186295821445 3.8139254178653828e-16 8.3436255934464616e-16
256 256 1 1 8 1 1 10 0.013624170299590333 0.0014528275052359779 3.8139254178653828e-16 8.3436255934465186e-15
256 256 1 1 8 8 8 10 0.0040525321997847636 0.00077291139873776127 3.8139254178653828e-16 8.3436255934464616e-16
256 256 1 1 16 1 1 10 0.01562069670017081 0.0015100181235745186 3.8139254178653828e-16 8.3436255934465186e-15
256 256 1 1 16 8 8 10 0.0044861284002763561 0.00042396235542878515 3.8139254178653828e-16 6.67490047475717e-16
256 256 1 1 32 1 1 10 0.01441287099951296 0.0015883934748686117 3.8139254178653828e-16 8.3436255934465186e-15
256 256 1 1 32 8 8 10 0.0062223418999565183 0.0012740518787895927 3.8139254178653828e-16 8.3436255934464616e-16
256 256 1 1 64 1 1 10 0.018819556799826387 0.0021432305685788518 3.8139254178653828e-16 8.3436255934465186e-15
256 256 1 1 64 8 8 10 0.0083286110999324595 0.0021597405653427182 3.8139254178653828e-16 8.3436255934464616e-16
256 256 1 2 1 1 1 10 0.014759515800324152 0.0011869119952036523 3.8139254178653828e-16 8.3436255934465186e-15
256 256 1 2 1 8 8 10 0.0043995666002956575 0.00067610998384461769 3.8139254178653828e-16 8.3436255934464616e-16
256 256 1 2 2 1 1 10 0.014574215099855792 0.0017161060146037434 3.8139254178653828e-16 8.3436255934465186e-15
256 256 1 2 2 8 8 10 0.0039998128997467573 0.00058530022497800299 3.8139254178653828e-16 8.3436255934464616e-16
256 256 1 2 4 1 1 10 0.014897177999955602 0.0014969615238499066 3.8139254178653828e-16 8.3436255934465186e-15
256 256 1 2 4 8 8 10 0.0043545303999053429 0.00083724955629136701 3.8139254178653828e-16 8.3436255934464616e-16
256 256 1 2 8 1 1 10 0.016813125599946941 0.0017511884537844071 3.8139254178653828e-16 8.3436255934465186e-15
256 256 1 2 8 8 8 10 0.0039702906999082186 0.0005617743775468896 3.8139254178653828e-16 8.3436255934464616e-16
256 256 1 2 16 1 1 10 0.016768588000195449 0.0012945953242377815 3.8139254178653828e-16 8.3436255934465186e-15
256 256 1 2 16 8 8 10 0.0047915596998791441 0.000915009740131436 3.8139254178653828e-16 8.3436255934464616e-16
256 256 1 2 32 1 1 10 0.015574025500063725 0.0014303395547435472 3.8139254178653828e-16 8.3436255934465186e-15
256 256 1 2 32 8 8 10 0.0043551268003284337 0.0003079716807460814 3.8139254178653828e-16 6.67490047475717e-16
256 256 1 2 64 1 1 10 0.016136607200132859 0.00067434716561024671 3.8139254178653828e-16 8.3436255934465186e-15
256 256 1 2 64 8 8 10 0.0086485812002138115 0.0011241867016435509 3.8139254178653828e-16 1.0012350712135751e-15
