# seed=42 repetitions=10 available_processors=16 memory_limit_mib=512
# máximo medido en serie=512; siguiente tamaño: doble de 512, excede --max-size configurado
# rows cols layout schedule chunk threads rmse parseval_relative_error
128 128 0 0 0 1 3.4408391759652541e-16 0
128 128 0 0 0 2 3.4408391759652541e-16 6.7041557002907548e-15
128 128 0 0 0 4 3.4408391759652541e-16 2.011246710087231e-15
128 128 0 0 0 8 3.4408391759652541e-16 5.0281167752180882e-16
128 128 1 0 0 1 3.4408391759652541e-16 0
128 128 1 0 0 2 3.4408391759652541e-16 6.7041557002907548e-15
128 128 1 0 0 4 3.4408391759652541e-16 2.011246710087231e-15
128 128 1 0 0 8 3.4408391759652541e-16 6.7041557002907827e-16
256 256 0 0 0 1 3.8139254178653828e-16 8.3436255934465186e-15
256 256 0 0 0 2 3.8139254178653828e-16 1.1681075830825009e-14
256 256 0 0 0 4 3.8139254178653828e-16 2.6699601899028775e-15
256 256 0 0 0 8 3.8139254178653828e-16 8.3436255934464616e-16
256 256 1 0 0 1 3.8139254178653828e-16 8.3436255934465186e-15
256 256 1 0 0 2 3.8139254178653828e-16 1.1681075830825009e-14
256 256 1 0 0 4 3.8139254178653828e-16 2.8368327017718071e-15
256 256 1 0 0 8 3.8139254178653828e-16 1.0012350712135751e-15
512 512 0 0 0 1 4.1479554550031966e-16 2.5677272553665336e-14
512 512 0 0 0 2 4.1479554550031966e-16 2.5677272553664471e-14
512 512 0 0 0 4 4.1479554550031966e-16 4.6685950097572094e-15
512 512 0 0 0 8 4.1479554550031966e-16 5.0020660818826903e-16
512 512 1 0 0 1 4.1479554550031966e-16 2.5677272553665336e-14
512 512 1 0 0 2 4.1479554550031966e-16 2.5677272553664471e-14
512 512 1 0 0 4 4.1479554550031966e-16 4.8353305458199676e-15
512 512 1 0 0 8 4.1479554550031966e-16 5.0020660818826903e-16
256 256 0 0 1 1 3.8139254178653828e-16 8.3436255934465186e-15
256 256 0 0 1 8 3.8139254178653828e-16 6.6749004747571691e-16
256 256 0 0 2 1 3.8139254178653828e-16 8.3436255934465186e-15
256 256 0 0 2 8 3.8139254178653828e-16 8.3436255934464616e-16
256 256 0 0 4 1 3.8139254178653828e-16 8.3436255934465186e-15
256 256 0 0 4 8 3.8139254178653828e-16 8.3436255934464616e-16
256 256 0 0 8 1 3.8139254178653828e-16 8.3436255934465186e-15
256 256 0 0 8 8 3.8139254178653828e-16 8.3436255934464616e-16
256 256 0 0 16 1 3.8139254178653828e-16 8.3436255934465186e-15
256 256 0 0 16 8 3.8139254178653828e-16 8.3436255934464616e-16
256 256 0 0 32 1 3.8139254178653828e-16 8.3436255934465186e-15
256 256 0 0 32 8 3.8139254178653828e-16 8.3436255934464616e-16
256 256 0 0 64 1 3.8139254178653828e-16 8.3436255934465186e-15
256 256 0 0 64 8 3.8139254178653828e-16 8.3436255934464616e-16
256 256 0 1 1 1 3.8139254178653828e-16 8.3436255934465186e-15
256 256 0 1 1 8 3.8139254178653828e-16 1.0012350712135751e-15
256 256 0 1 2 1 3.8139254178653828e-16 8.3436255934465186e-15
256 256 0 1 2 8 3.8139254178653828e-16 8.3436255934464616e-16
256 256 0 1 4 1 3.8139254178653828e-16 8.3436255934465186e-15
256 256 0 1 4 8 3.8139254178653828e-16 8.3436255934464616e-16
256 256 0 1 8 1 3.8139254178653828e-16 8.3436255934465186e-15
256 256 0 1 8 8 3.8139254178653828e-16 1.0012350712135751e-15
256 256 0 1 16 1 3.8139254178653828e-16 8.3436255934465186e-15
256 256 0 1 16 8 3.8139254178653828e-16 8.3436255934464616e-16
256 256 0 1 32 1 3.8139254178653828e-16 8.3436255934465186e-15
256 256 0 1 32 8 3.8139254178653828e-16 1.0012350712135753e-15
256 256 0 1 64 1 3.8139254178653828e-16 8.3436255934465186e-15
256 256 0 1 64 8 3.8139254178653828e-16 8.3436255934464616e-16
256 256 0 2 1 1 3.8139254178653828e-16 8.3436255934465186e-15
256 256 0 2 1 8 3.8139254178653828e-16 6.67490047475717e-16
256 256 0 2 2 1 3.8139254178653828e-16 8.3436255934465186e-15
256 256 0 2 2 8 3.8139254178653828e-16 6.67490047475717e-16
256 256 0 2 4 1 3.8139254178653828e-16 8.3436255934465186e-15
256 256 0 2 4 8 3.8139254178653828e-16 8.3436255934464626e-16
256 256 0 2 8 1 3.8139254178653828e-16 8.3436255934465186e-15
256 256 0 2 8 8 3.8139254178653828e-16 8.3436255934464616e-16
256 256 0 2 16 1 3.8139254178653828e-16 8.3436255934465186e-15
256 256 0 2 16 8 3.8139254178653828e-16 1.0012350712135753e-15
256 256 0 2 32 1 3.8139254178653828e-16 8.3436255934465186e-15
256 256 0 2 32 8 3.8139254178653828e-16 6.67490047475717e-16
256 256 0 2 64 1 3.8139254178653828e-16 8.3436255934465186e-15
256 256 0 2 64 8 3.8139254178653828e-16 1.0012350712135753e-15
256 256 1 0 1 1 3.8139254178653828e-16 8.3436255934465186e-15
256 256 1 0 1 8 3.8139254178653828e-16 8.3436255934464616e-16
256 256 1 0 2 1 3.8139254178653828e-16 8.3436255934465186e-15
256 256 1 0 2 8 3.8139254178653828e-16 8.3436255934464616e-16
256 256 1 0 4 1 3.8139254178653828e-16 8.3436255934465186e-15
256 256 1 0 4 8 3.8139254178653828e-16 1.0012350712135753e-15
256 256 1 0 8 1 3.8139254178653828e-16 8.3436255934465186e-15
256 256 1 0 8 8 3.8139254178653828e-16 1.0012350712135753e-15
256 256 1 0 16 1 3.8139254178653828e-16 8.3436255934465186e-15
256 256 1 0 16 8 3.8139254178653828e-16 8.3436255934464616e-16
256 256 1 0 32 1 3.8139254178653828e-16 8.3436255934465186e-15
256 256 1 0 32 8 3.8139254178653828e-16 8.3436255934464616e-16
256 256 1 0 64 1 3.8139254178653828e-16 8.3436255934465186e-15
256 256 1 0 64 8 3.8139254178653828e-16 6.67490047475717e-16
256 256 1 1 1 1 3.8139254178653828e-16 8.3436255934465186e-15
256 256 1 1 1 8 3.8139254178653828e-16 1.0012350712135751e-15
256 256 1 1 2 1 3.8139254178653828e-16 8.3436255934465186e-15
256 256 1 1 2 8 3.8139254178653828e-16 8.3436255934464616e-16
256 256 1 1 4 1 3.8139254178653828e-16 8.3436255934465186e-15
256 256 1 1 4 8 3.8139254178653828e-16 8.3436255934464616e-16
256 256 1 1 8 1 3.8139254178653828e-16 8.3436255934465186e-15
256 256 1 1 8 8 3.8139254178653828e-16 8.3436255934464616e-16
256 256 1 1 16 1 3.8139254178653828e-16 8.3436255934465186e-15
256 256 1 1 16 8 3.8139254178653828e-16 6.67490047475717e-16
256 256 1 1 32 1 3.8139254178653828e-16 8.3436255934465186e-15
256 256 1 1 32 8 3.8139254178653828e-16 8.3436255934464616e-16
256 256 1 1 64 1 3.8139254178653828e-16 8.3436255934465186e-15
256 256 1 1 64 8 3.8139254178653828e-16 8.3436255934464616e-16
256 256 1 2 1 1 3.8139254178653828e-16 8.3436255934465186e-15
256 256 1 2 1 8 3.8139254178653828e-16 8.3436255934464616e-16
256 256 1 2 2 1 3.8139254178653828e-16 8.3436255934465186e-15
256 256 1 2 2 8 3.8139254178653828e-16 8.3436255934464616e-16
256 256 1 2 4 1 3.8139254178653828e-16 8.3436255934465186e-15
256 256 1 2 4 8 3.8139254178653828e-16 8.3436255934464616e-16
256 256 1 2 8 1 3.8139254178653828e-16 8.3436255934465186e-15
256 256 1 2 8 8 3.8139254178653828e-16 8.3436255934464616e-16
256 256 1 2 16 1 3.8139254178653828e-16 8.3436255934465186e-15
256 256 1 2 16 8 3.8139254178653828e-16 8.3436255934464616e-16
256 256 1 2 32 1 3.8139254178653828e-16 8.3436255934465186e-15
256 256 1 2 32 8 3.8139254178653828e-16 6.67490047475717e-16
256 256 1 2 64 1 3.8139254178653828e-16 8.3436255934465186e-15
256 256 1 2 64 8 3.8139254178653828e-16 1.0012350712135751e-15
