# seed=42 repetitions=10 available_processors=16 memory_limit_mib=512
# máximo medido en serie=512; siguiente tamaño: doble de 512, excede --max-size configurado
# rows cols layout schedule chunk threads speedup sigma_speedup efficiency sigma_efficiency f amdahl_speedup residual fit_clamped
128 128 0 0 0 1 1 0 1 0 0.21835776259176812 1 0 0
128 128 0 0 0 2 1.8745813352155141 0.11653422747985825 0.93729066760775703 0.058267113739929127 0.21835776259176812 1.6415539518913336 0.23302738332418049 0
128 128 0 0 0 4 2.3202960382069517 1.1900407008294911 0.58007400955173793 0.29751017520737277 0.21835776259176812 2.416811406204658 -0.096515367997706214 0
128 128 0 0 0 8 2.9020595925422108 0.61094373107039146 0.36275744906777635 0.076367966383798933 0.21835776259176812 3.1639257561556651 -0.26186616361345427 0
128 128 1 0 0 1 1 0 1 0 0.14068959220660904 1 0 0
128 128 1 0 0 2 1.925362806270376 0.16726476485537473 0.96268140313518802 0.083632382427687363 0.14068959220660904 1.7533253688508688 0.17203743741950728 0
128 128 1 0 0 4 3.10680829975185 0.42970558171079476 0.77670207493796251 0.10742639542769869 0.14068959220660904 2.8128034774153203 0.29400482233652969 0
128 128 1 0 0 8 3.2673131468581298 0.51090496401588226 0.40841414335726622 0.063863120501985282 0.14068959220660904 4.0305776844871302 -0.76326453762900037 0
256 256 0 0 0 1 1 0 1 0 0.18255086430337153 1 0 0
256 256 0 0 0 2 1.7311877366214221 0.22918299837610151 0.86559386831071106 0.11459149918805075 0.18255086430337153 1.6912591757126483 0.039928560908773836 0
256 256 0 0 0 4 2.6206832495580055 0.70722387152383404 0.65517081238950137 0.17680596788095851 0.18255086430337153 2.5845593632086619 0.036123886349343604 0
256 256 0 0 0 8 3.3659138246811815 0.68487652359274043 0.42073922808514769 0.085609565449092553 0.18255086430337153 3.512074434890609 -0.1461606102094275 0
256 256 1 0 0 1 1 0 1 0 0.35735850644150496 1 0 0
256 256 1 0 0 2 1.2529685193700797 0.25825051566779056 0.62648425968503985 0.12912525783389528 0.35735850644150496 1.473450080070051 -0.22048156069997127 0
256 256 1 0 0 4 2.0150622933570763 0.55390361967418911 0.50376557333926908 0.13847590491854728 0.35735850644150496 1.9304315709998725 0.084630722357203814 0
256 256 1 0 0 8 2.5766961842799119 0.63121052295231961 0.32208702303498898 0.078901315369039951 0.35735850644150496 2.284728885350833 0.29196729892907891 0
512 512 0 0 0 1 1 0 1 0 0.13693457714121457 1 0 0
512 512 0 0 0 2 1.7841700737618167 0.21819067373223347 0.89208503688090834 0.10909533686611673 0.13693457714121457 1.7591161709840295 0.025053902777787185 0
512 512 0 0 0 4 3.115381833885285 0.38755117063433547 0.77884545847132125 0.096887792658583868 0.13693457714121457 2.8352632693731219 0.2801185645121631 0
512 512 0 0 0 8 3.6158282583344654 0.58779839858636318 0.45197853229180818 0.073474799823295397 0.13693457714121457 4.0846710648329845 -0.46884280649851906 0
512 512 1 0 0 1 1 0 1 0 0.16499576097615276 1 0 0
512 512 1 0 0 2 1.7050586722647005 0.19860488910754792 0.85252933613235027 0.099302444553773961 0.16499576097615276 1.7167444440520498 -0.011685771787349308 0
512 512 1 0 0 4 2.8170817996442987 0.31551487490946689 0.70427044991107468 0.078878718727366723 0.16499576097615276 2.6756080440795413 0.14147375556475739 0
512 512 1 0 0 8 3.5313450136173947 0.34519808202082147 0.44141812670217434 0.043149760252602684 0.16499576097615276 3.7123481007540127 -0.18100308713661795 0
256 256 0 0 1 1 1 0 1 0 0.22979816500660286 1 0 0
256 256 0 0 1 8 3.0667942163727528 0.50034051526405154 0.38334927704659411 0.062542564408006443 0.22979816500660286 3.0667942163727528 0 0
256 256 0 0 2 1 1 0 1 0 0.22073108088743895 1 0 0
256 256 0 0 2 8 3.1432732641527794 0.64281939475899152 0.39290915801909743 0.080352424344873941 0.22073108088743895 3.1432732641527799 -4.4408920985006262e-16 0
256 256 0 0 4 1 1 0 1 0 0.24121057725468412 1 0 0
256 256 0 0 4 8 2.9756657042783581 0.64786891620183018 0.37195821303479476 0.080983614525228773 0.24121057725468412 2.9756657042783576 4.4408920985006262e-16 0
256 256 0 0 8 1 1 0 1 0 0.24457243146167365 1 0 0
256 256 0 0 8 8 2.9498448714621968 0.7779416890759363 0.3687306089327746 0.097242711134492038 0.24457243146167365 2.9498448714621963 4.4408920985006262e-16 0
256 256 0 0 16 1 1 0 1 0 0.23958265223978023 1 0 0
256 256 0 0 16 8 2.9883321702112733 0.63911578025390425 0.37354152127640916 0.079889472531738032 0.23958265223978023 2.9883321702112733 0 0
256 256 0 0 32 1 1 0 1 0 0.21724393494190009 1 0 0
256 256 0 0 32 8 3.1737120861796551 0.44040679544107786 0.39671401077245688 0.055050849430134732 0.21724393494190009 3.1737120861796551 0 0
256 256 0 0 64 1 1 0 1 0 0.26880232620585121 1 0 0
256 256 0 0 64 8 2.776219736809352 0.54519568282591491 0.347027467101169 0.068149460353239363 0.26880232620585121 2.776219736809352 0 0
256 256 0 1 1 1 1 0 1 0 0.16994853143629601 1 0 0
256 256 0 1 1 8 3.6535690902622302 0.55515455409204451 0.45669613628277878 0.069394319261505563 0.16994853143629601 3.6535690902622302 0 0
256 256 0 1 2 1 1 0 1 0 0.015233329427786149 1 0 0
256 256 0 1 2 8 7.2291335862249371 1.6926532800163105 0.90364169827811713 0.21158166000203882 0.015233329427786149 7.2291335862249371 0 0
256 256 0 1 4 1 1 0 1 0 0.14540666916108877 1 0 0
256 256 0 1 4 8 3.9646223188946847 0.9655918632769348 0.49557778986183559 0.12069898290961685 0.14540666916108877 3.9646223188946847 0 0
256 256 0 1 8 1 1 0 1 0 0.13808124166619057 1 0 0
256 256 0 1 8 8 4.0679992689365756 0.48947507165632781 0.50849990861707195 0.061184383957040976 0.13808124166619057 4.0679992689365756 0 0
256 256 0 1 16 1 1 0 1 0 0.21477101512642274 1 0 0
256 256 0 1 16 8 3.195657605097364 0.37899962324531705 0.3994572006371705 0.047374952905664632 0.21477101512642274 3.195657605097364 0 0
256 256 0 1 32 1 1 0 1 0 0.17393201522437091 1 0 0
256 256 0 1 32 8 3.6076270721457946 0.36746214776074088 0.45095338401822432 0.045932768470092609 0.17393201522437091 3.6076270721457946 0 0
256 256 0 1 64 1 1 0 1 0 0.37059211934326142 1 0 0
256 256 0 1 64 8 2.2258424093539246 0.49405698053374292 0.27823030116924058 0.061757122566717865 0.37059211934326142 2.2258424093539246 0 0
256 256 0 2 1 1 1 0 1 0 0.16212636801350552 1 0 0
256 256 0 2 1 8 3.7472751874177845 0.75846627225166297 0.46840939842722307 0.094808284031457871 0.16212636801350552 3.7472751874177845 0 0
256 256 0 2 2 1 1 0 1 0 0.16968235188523442 1 0 0
256 256 0 2 2 8 3.6566807142220119 0.89607798728915888 0.45708508927775149 0.11200974841114486 0.16968235188523442 3.6566807142220119 0 0
256 256 0 2 4 1 1 0 1 0 0.16262843277755104 1 0 0
256 256 0 2 4 8 3.7411165502092172 0.55999986531799151 0.46763956877615215 0.069999983164748938 0.16262843277755104 3.7411165502092172 0 0
256 256 0 2 8 1 1 0 1 0 0.14226924777320638 1 0 0
256 256 0 2 8 8 4.0082475015046732 0.9368404363746029 0.50103093768808415 0.11710505454682536 0.14226924777320638 4.0082475015046732 0 0
256 256 0 2 16 1 1 0 1 0 0.19835940617022108 1 0 0
256 256 0 2 16 8 3.3493602409228136 0.84459009604779423 0.4186700301153517 0.10557376200597428 0.19835940617022108 3.349360240922814 -4.4408920985006262e-16 0
256 256 0 2 32 1 1 0 1 0 0.21423919992667301 1 0 0
256 256 0 2 32 8 3.2004168229441157 0.65754705244689637 0.40005210286801446 0.082193381555862047 0.21423919992667301 3.2004168229441157 0 0
256 256 0 2 64 1 1 0 1 0 0.45756105408992265 1 0 0
256 256 0 2 64 8 1.9034352200986011 0.45429845307940631 0.23792940251232514 0.056787306634925788 0.45756105408992265 1.9034352200986011 0 0
256 256 1 0 1 1 1 0 1 0 0.20024686629265945 1 0 0
256 256 1 0 1 8 3.3309349712616187 0.75159759916563296 0.41636687140770234 0.09394969989570412 0.20024686629265945 3.3309349712616187 0 0
256 256 1 0 2 1 1 0 1 0 0.2913900353478312 1 0 0
256 256 1 0 2 8 2.6318124796603506 0.37358799021296984 0.32897655995754382 0.046698498776621231 0.2913900353478312 2.6318124796603506 0 0
256 256 1 0 4 1 1 0 1 0 0.2618477552911857 1 0 0
256 256 1 0 4 8 2.8239271332917597 0.75431396968320319 0.35299089166146996 0.094289246210400399 0.2618477552911857 2.8239271332917597 0 0
256 256 1 0 8 1 1 0 1 0 0.23618303362645873 1 0 0
256 256 1 0 8 8 3.0151345787656534 0.46147721854540646 0.37689182234570667 0.057684652318175808 0.23618303362645873 3.0151345787656529 4.4408920985006262e-16 0
256 256 1 0 16 1 1 0 1 0 0.22301496208886495 1 0 0
256 256 1 0 16 8 3.1236520286940044 0.53435492404729712 0.39045650358675055 0.06679436550591214 0.22301496208886495 3.1236520286940044 0 0
256 256 1 0 32 1 1 0 1 0 0.21880175559748027 1 0 0
256 256 1 0 32 8 3.1600415411886664 1.104094355754591 0.3950051926485833 0.13801179446932388 0.21880175559748027 3.1600415411886669 -4.4408920985006262e-16 0
256 256 1 0 64 1 1 0 1 0 0.27633230035191553 1 0 0
256 256 1 0 64 8 2.7263500104108691 0.40883390692698424 0.34079375130135864 0.05110423836587303 0.27633230035191553 2.7263500104108691 0 0
256 256 1 1 1 1 1 0 1 0 0.16564261765968746 1 0 0
256 256 1 1 1 8 3.7045641168165311 0.87216151079615234 0.46307051460206639 0.10902018884951904 0.16564261765968746 3.7045641168165311 0 0
256 256 1 1 2 1 1 0 1 0 0.13042447949904074 1 0 0
256 256 1 1 2 8 4.1819758423696403 0.47963999954131287 0.52274698029620503 0.059954999942664108 0.13042447949904074 4.1819758423696403 0 0
256 256 1 1 4 1 1 0 1 0 0.1280350592356555 1 0 0
256 256 1 1 4 8 4.218863201036843 1.2527119950666699 0.52735790012960537 0.15658899938333373 0.1280350592356555 4.2188632010368439 -8.8817841970012523e-16 0
256 256 1 1 8 1 1 0 1 0 0.19708762216989517 1 0 0
256 256 1 1 8 8 3.3618906964672446 0.73460608138946248 0.42023633705840557 0.091825760173682811 0.19708762216989517 3.3618906964672446 0 0
256 256 1 1 16 1 1 0 1 0 0.18536150093574622 1 0 0
256 256 1 1 16 8 3.4819994673377024 0.47072574597255601 0.4352499334172128 0.058840718246569501 0.18536150093574622 3.4819994673377024 0 0
256 256 1 1 32 1 1 0 1 0 0.35053850925858732 1 0 0
256 256 1 1 32 8 2.3163097160594273 0.53860979163221256 0.28953871450742841 0.067326223954026571 0.35053850925858732 2.3163097160594273 0 0
256 256 1 1 64 1 1 0 1 0 0.36291527181124644 1 0 0
256 256 1 1 64 8 2.2596272744658474 0.63997361796984475 0.28245340930823093 0.079996702246230594 0.36291527181124644 2.2596272744658474 0 0
256 256 1 2 1 1 1 0 1 0 0.19780959598758135 1 0 0
256 256 1 2 1 8 3.3547658533757141 0.58186879644847567 0.41934573167196426 0.072733599556059458 0.19780959598758135 3.3547658533757145 -4.4408920985006262e-16 0
256 256 1 2 2 1 1 0 1 0 0.17079369262510236 1 0 0
256 256 1 2 2 8 3.6437242103945757 0.68437988911873937 0.45546552629932197 0.085547486139842421 0.17079369262510236 3.6437242103945757 0 0
256 256 1 2 4 1 1 0 1 0 0.19120654164305065 1 0 0
256 256 1 2 4 8 3.4210756687516595 0.7421888786667914 0.42763445859395743 0.092773609833348925 0.19120654164305065 3.4210756687516599 -4.4408920985006262e-16 0
256 256 1 2 8 1 1 0 1 0 0.1270198088515693 1 0 0
256 256 1 2 8 8 4.2347341468813884 0.74402698225977348 0.52934176836017355 0.093003372782471685 0.1270198088515693 4.2347341468813884 0 0
256 256 1 2 16 1 1 0 1 0 0.18370990192739595 1 0 0
256 256 1 2 16 8 3.4996095322820242 0.72084475269486115 0.43745119153525303 0.090105594086857643 0.18370990192739595 3.4996095322820246 -4.4408920985006262e-16 0
256 256 1 2 32 1 1 0 1 0 0.17673189157609076 1 0 0
256 256 1 2 32 8 3.576021138785038 0.41450094401626447 0.44700264234812975 0.051812618002033059 0.17673189157609076 3.5760211387850385 -4.4408920985006262e-16 0
256 256 1 2 64 1 1 0 1 0 0.46966894008320265 1 0 0
256 256 1 2 64 8 1.8658097584530891 0.2547532264503739 0.23322621980663613 0.031844153306296738 0.46966894008320265 1.8658097584530891 0 0
