# seed=42 repetitions=10 available_processors=16 memory_limit_mib=512
# máximo medido en serie=2048; siguiente tamaño 4096: presupuesto de memoria
# rows cols layout schedule chunk requested_threads actual_threads repetitions mean_s stddev_s rmse parseval_relative_error
128 128 0 0 0 1 1 10 0.0063121294000666236 0.00048980344606029192 3.4408391759652541e-16 0
128 128 0 0 0 2 2 10 0.0048795415996210068 0.00036181769006991897 3.4408391759652541e-16 6.7041557002907548e-15
128 128 0 0 0 4 4 10 0.0026241925994327179 0.0001241784584945041 3.4408391759652541e-16 2.011246710087231e-15
128 128 0 0 0 8 8 10 0.002362440899378271 0.00099062356906789973 3.4408391759652541e-16 6.7041557002907827e-16
128 128 0 0 0 16 16 10 0.0018828654994649697 0.0011302954851832945 3.4408391759652541e-16 0
128 128 1 0 0 1 1 10 0.0034840505002648571 0.00031271365461689774 3.4408391759652541e-16 0
128 128 1 0 0 2 2 10 0.0026440192001246031 0.00015354605185178712 3.4408391759652541e-16 6.7041557002907548e-15
128 128 1 0 0 4 4 10 0.0015703544002462877 7.9504631256578249e-05 3.4408391759652541e-16 2.011246710087231e-15
128 128 1 0 0 8 8 10 0.0011888247996466816 0.00037936838969038141 3.4408391759652541e-16 5.0281167752180882e-16
128 128 1 0 0 16 16 10 0.0011700402001224575 0.00071752376094823809 3.4408391759652541e-16 0
256 256 0 0 0 1 1 10 0.025176561399894125 0.00058243029642853427 3.8139254178653828e-16 8.3436255934465186e-15
256 256 0 0 0 2 2 10 0.019781028699799207 0.00071726848369052152 3.8139254178653828e-16 1.1681075830825009e-14
256 256 0 0 0 4 4 10 0.011018902100113337 0.00066221361795673291 3.8139254178653828e-16 2.8368327017718071e-15
256 256 0 0 0 8 8 10 0.0068483925000691667 0.0011475998570342515 3.8139254178653828e-16 8.3436255934464616e-16
256 256 0 0 0 16 16 10 0.0059672454000974529 0.0021645778550592933 3.8139254178653828e-16 5.0061753560678815e-16
256 256 1 0 0 1 1 10 0.011579895999784639 0.00041991248239064651 3.8139254178653828e-16 8.3436255934465186e-15
256 256 1 0 0 2 2 10 0.0089941750000434688 0.00079859846276743491 3.8139254178653828e-16 1.1681075830825009e-14
256 256 1 0 0 4 4 10 0.0053368414997748909 0.00040875064354555088 3.8139254178653828e-16 2.6699601899028775e-15
256 256 1 0 0 8 8 10 0.0035600657001850777 0.00098334613960605671 3.8139254178653828e-16 6.67490047475717e-16
256 256 1 0 0 16 16 10 0.0041806806999375116 0.0016524270147774008 3.8139254178653828e-16 1.6687251186892945e-16
512 512 0 0 0 1 1 10 0.13510598879984173 0.020026071770676876 4.1479554550031966e-16 2.5677272553665336e-14
512 512 0 0 0 2 2 10 0.09075389470017399 0.0041803937224498752 4.1479554550031966e-16 2.5677272553664471e-14
512 512 0 0 0 4 4 10 0.053686214700610434 0.0084711954634347948 4.1479554550031966e-16 4.6685950097572094e-15
512 512 0 0 0 8 8 10 0.028743862399824141 0.0021599991038410934 4.1479554550031966e-16 5.0020660818826903e-16
512 512 0 0 0 16 16 10 0.018103144800079463 0.0026889914217294243 4.1479554550031966e-16 1.667355360627569e-16
512 512 1 0 0 1 1 10 0.051741697300167297 0.0079764508420923936 4.1479554550031966e-16 2.5677272553665336e-14
512 512 1 0 0 2 2 10 0.04401024820017483 0.0072854482788556824 4.1479554550031966e-16 2.5677272553664471e-14
512 512 1 0 0 4 4 10 0.021180535999883433 0.0014910102304127168 4.1479554550031966e-16 4.6685950097572094e-15
512 512 1 0 0 8 8 10 0.012327404500138073 0.0016338522976929513 4.1479554550031966e-16 5.0020660818826903e-16
512 512 1 0 0 16 16 10 0.0093100980000599531 0.00091320095631952267 4.1479554550031966e-16 1.6673553606275688e-16
1024 1024 0 0 0 1 1 10 0.58980866220008465 0.066722023373657888 4.4354144304673473e-16 2.1474629799795169e-14
1024 1024 0 0 0 2 2 10 0.43481433579981965 0.039982465513894103 4.4354144304673473e-16 7.3246799317128716e-15
1024 1024 0 0 0 4 4 10 0.25855573810022187 0.029600885303377948 4.4354144304673473e-16 1.3484069874289864e-14
1024 1024 0 0 0 8 8 10 0.12778126060002251 0.013124127133663503 4.4354144304673473e-16 3.9952799627525082e-15
1024 1024 0 0 0 16 16 10 0.071126867100247182 0.010237007115543985 4.4354144304673473e-16 5.9929199441287911e-15
1024 1024 1 0 0 1 1 10 0.21819764119954929 0.026245302112344254 4.4354144304673473e-16 2.1474629799795169e-14
1024 1024 1 0 0 2 2 10 0.1563863314997434 0.014797177341160301 4.4354144304673473e-16 7.3246799317128716e-15
1024 1024 1 0 0 4 4 10 0.07584856819976267 0.0032698987988466024 4.4354144304673473e-16 1.3650539872737888e-14
1024 1024 1 0 0 8 8 10 0.049505914399924224 0.008268951853903762 4.4354144304673473e-16 4.1617499612005298e-15
1024 1024 1 0 0 16 16 10 0.027347804700002597 0.0022590581838724255 4.4354144304673473e-16 5.6599799472327471e-15
2048 2048 0 0 0 1 1 10 2.3780524312996931 0.11323703045242182 4.6900257914147317e-16 4.3803722499691602e-14
2048 2048 0 0 0 2 2 10 1.9555496977998703 0.2257289352841706 4.6900257914147317e-16 3.1312166653773369e-14
2048 2048 0 0 0 4 4 10 1.0585046219997822 0.15287353562671999 4.6900257914147317e-16 1.8654056729907424e-14
2048 2048 0 0 0 8 8 10 0.55059238889989504 0.041589072941580062 4.6900257914147317e-16 3.3310815589119973e-15
2048 2048 0 0 0 16 16 10 0.31699545300016324 0.028496113132567145 4.6900257914147317e-16 9.4935824428992369e-15
2048 2048 1 0 0 1 1 10 0.90428269889944202 0.08882466726318998 4.6900257914147317e-16 4.3803722499691602e-14
2048 2048 1 0 0 2 2 10 0.67974579410001756 0.061864034256150155 4.6900257914147317e-16 3.1312166653773369e-14
2048 2048 1 0 0 4 4 10 0.35116108270012775 0.01671320009494922 4.6900257914147317e-16 1.8820610807853028e-14
2048 2048 1 0 0 8 8 10 0.21704535229946484 0.014652600325529492 4.6900257914147317e-16 3.3310815589119973e-15
2048 2048 1 0 0 16 16 10 0.13588773379997296 0.01395182781605573 4.6900257914147317e-16 9.8266905987904398e-15
256 256 0 0 1 1 1 10 0.031095374000142329 0.0067930773025613343 3.8139254178653828e-16 8.3436255934465186e-15
256 256 0 0 1 16 16 10 0.0091037020996736807 0.002377809844665223 3.8139254178653828e-16 1.6687251186892942e-16
256 256 0 0 2 1 1 10 0.037148221800089233 0.001439504701266463 3.8139254178653828e-16 8.3436255934465186e-15
256 256 0 0 2 16 16 10 0.0051995762998558346 0.0010100067456054193 3.8139254178653828e-16 5.0061753560678825e-16
256 256 0 0 4 1 1 10 0.02534485450032662 0.0019847280588475152 3.8139254178653828e-16 8.3436255934465186e-15
256 256 0 0 4 16 16 10 0.0064113353995708163 0.0014209601817013976 3.8139254178653828e-16 6.674900474757176e-16
256 256 0 0 8 1 1 10 0.027455340600317867 0.0026992009046141359 3.8139254178653828e-16 8.3436255934465186e-15
256 256 0 0 8 16 16 10 0.0077575674000399863 0.0017198339506421018 3.8139254178653828e-16 5.0061753560678815e-16
256 256 0 0 16 1 1 10 0.036398221900344654 0.0025890843064685508 3.8139254178653828e-16 8.3436255934465186e-15
256 256 0 0 16 16 16 10 0.0080904448999717729 0.0014566773180379777 3.8139254178653828e-16 5.0061753560678815e-16
256 256 0 0 32 1 1 10 0.029701027900046029 0.0034714057306315183 3.8139254178653828e-16 8.3436255934465186e-15
256 256 0 0 32 16 16 10 0.0079042399000172729 0.0014417500077483333 3.8139254178653828e-16 1.6687251186892942e-16
256 256 0 0 64 1 1 10 0.025902009399942472 0.0014615797402348866 3.8139254178653828e-16 8.3436255934465186e-15
256 256 0 0 64 16 16 10 0.012955206100014037 0.00074490919095799484 3.8139254178653828e-16 1.6687251186892942e-16
256 256 0 1 1 1 1 10 0.029431825899700927 0.004433502327352859 3.8139254178653828e-16 8.3436255934465186e-15
256 256 0 1 1 16 16 10 0.0045210985002995582 0.0014288442065384769 3.8139254178653828e-16 5.0061753560678815e-16
256 256 0 1 2 1 1 10 0.029317136299687262 0.001286486157939944 3.8139254178653828e-16 8.3436255934465186e-15
256 256 0 1 2 16 16 10 0.0074559213000611642 0.0011060147522380201 3.8139254178653828e-16 1.6687251186892942e-16
256 256 0 1 4 1 1 10 0.037658737499623382 0.002865356979462017 3.8139254178653828e-16 8.3436255934465186e-15
256 256 0 1 4 16 16 10 0.0061648951999814013 0.0014483033254638212 3.8139254178653828e-16 1.6687251186892942e-16
256 256 0 1 8 1 1 10 0.032355427199581753 0.0036831115158112429 3.8139254178653828e-16 8.3436255934465186e-15
256 256 0 1 8 16 16 10 0.0084032427001147873 0.0024359884725819602 3.8139254178653828e-16 5.0061753560678825e-16
256 256 0 1 16 1 1 10 0.027798890500162089 0.0043952110107129119 3.8139254178653828e-16 8.3436255934465186e-15
256 256 0 1 16 16 16 10 0.0057086348002485469 0.0016771643126332805 3.8139254178653828e-16 3.3374502373785885e-16
256 256 0 1 32 1 1 10 0.032463747799920388 0.0053113361331631566 3.8139254178653828e-16 8.3436255934465186e-15
256 256 0 1 32 16 16 10 0.0095833499000946166 0.0011962741143248586 3.8139254178653828e-16 5.0061753560678825e-16
256 256 0 1 64 1 1 10 0.031961109000258149 0.0033211396277953039 3.8139254178653828e-16 8.3436255934465186e-15
256 256 0 1 64 16 16 10 0.014768101799927536 0.0028802383641595643 3.8139254178653828e-16 3.3374502373785885e-16
256 256 0 2 1 1 1 10 0.035997588500140412 0.0046708678169270204 3.8139254178653828e-16 8.3436255934465186e-15
256 256 0 2 1 16 16 10 0.0055130566001025724 0.0021558676259353497 3.8139254178653828e-16 3.3374502373785885e-16
256 256 0 2 2 1 1 10 0.037023584100097651 0.0068903082801548476 3.8139254178653828e-16 8.3436255934465186e-15
256 256 0 2 2 16 16 10 0.0075473114999113017 0.0019095435215068393 3.8139254178653828e-16 5.0061753560678815e-16
256 256 0 2 4 1 1 10 0.05177130950014544 0.01080364343221559 3.8139254178653828e-16 8.3436255934465186e-15
256 256 0 2 4 16 16 10 0.0073933529998612369 0.0018585215401871649 3.8139254178653828e-16 6.674900474757176e-16
256 256 0 2 8 1 1 10 0.03238881999950536 0.0033649638637453356 3.8139254178653828e-16 8.3436255934465186e-15
256 256 0 2 8 16 16 10 0.0058758174998729384 0.0010182705208283697 3.8139254178653828e-16 3.3374502373785885e-16
256 256 0 2 16 1 1 10 0.033107905699944241 0.0021198743606587762 3.8139254178653828e-16 8.3436255934465186e-15
256 256 0 2 16 16 16 10 0.0074389987001268311 0.0016670287485930798 3.8139254178653828e-16 5.0061753560678815e-16
256 256 0 2 32 1 1 10 0.037610935900011098 0.0092438687859549423 3.8139254178653828e-16 8.3436255934465186e-15
256 256 0 2 32 16 16 10 0.011293813799602502 0.0025281042967833841 3.8139254178653828e-16 0
256 256 0 2 64 1 1 10 0.044264799300253801 0.0076413754861141886 3.8139254178653828e-16 8.3436255934465186e-15
256 256 0 2 64 16 16 10 0.016411191499901178 0.0019524728156087405 3.8139254178653828e-16 0
256 256 1 0 1 1 1 10 0.018514582699936 0.002979177713941798 3.8139254178653828e-16 8.3436255934465186e-15
256 256 1 0 1 16 16 10 0.005770624300021154 0.0018311694493691349 3.8139254178653828e-16 3.337450237378588e-16
256 256 1 0 2 1 1 10 0.01364028089974454 0.0005369980807587286 3.8139254178653828e-16 8.3436255934465186e-15
256 256 1 0 2 16 16 10 0.0057673443005114679 0.0021852132124351724 3.8139254178653828e-16 8.3436255934464685e-16
256 256 1 0 4 1 1 10 0.014199932699739294 0.0023923710411338302 3.8139254178653828e-16 8.3436255934465186e-15
256 256 1 0 4 16 16 10 0.0044935898999028719 0.00085640880447586203 3.8139254178653828e-16 5.0061753560678815e-16
256 256 1 0 8 1 1 10 0.013513800900182105 0.00084766155167494822 3.8139254178653828e-16 8.3436255934465186e-15
256 256 1 0 8 16 16 10 0.0039917910000440314 0.0020901981349690704 3.8139254178653828e-16 3.3374502373785885e-16
256 256 1 0 16 1 1 10 0.012221591799789166 0.00081199973511400015 3.8139254178653828e-16 8.3436255934465186e-15
256 256 1 0 16 16 16 10 0.0039876790999187504 0.0011337596605599741 3.8139254178653828e-16 1.6687251186892945e-16
256 256 1 0 32 1 1 10 0.012583569499838632 0.00054604273296975504 3.8139254178653828e-16 8.3436255934465186e-15
256 256 1 0 32 16 16 10 0.0083063805001074801 0.0027144060945850433 3.8139254178653828e-16 6.674900474757176e-16
256 256 1 0 64 1 1 10 0.015051710500483751 0.0030643805094234394 3.8139254178653828e-16 8.3436255934465186e-15
256 256 1 0 64 16 16 10 0.0076672983999742424 0.0011844279879948906 3.8139254178653828e-16 6.674900474757176e-16
256 256 1 1 1 1 1 10 0.012254841199501243 0.00099591893330530103 3.8139254178653828e-16 8.3436255934465186e-15
256 256 1 1 1 16 16 10 0.0038711617997250871 0.0011396375216272219 3.8139254178653828e-16 3.3374502373785885e-16
256 256 1 1 2 1 1 10 0.012557507400197209 0.00086403950603701333 3.8139254178653828e-16 8.3436255934465186e-15
256 256 1 1 2 16 16 10 0.0040695746996789236 0.0013440911252772885 3.8139254178653828e-16 3.3374502373785885e-16
256 256 1 1 4 1 1 10 0.012708732300052362 0.0005968867902692922 3.8139254178653828e-16 8.3436255934465186e-15
256 256 1 1 4 16 16 10 0.0036720159001561118 0.0016260975761234688 3.8139254178653828e-16 3.3374502373785885e-16
256 256 1 1 8 1 1 10 0.012247508099972038 0.00092048030403145279 3.8139254178653828e-16 8.3436255934465186e-15
256 256 1 1 8 16 16 10 0.0035357424998437637 0.0012973497314617013 3.8139254178653828e-16 1.6687251186892942e-16
256 256 1 1 16 1 1 10 0.013013349100219784 0.00084039803378223191 3.8139254178653828e-16 8.3436255934465186e-15
256 256 1 1 16 16 16 10 0.00344529279955168 0.001276899958766774 3.8139254178653828e-16 3.3374502373785885e-16
256 256 1 1 32 1 1 10 0.014965566999853764 0.0020849934563892669 3.8139254178653828e-16 8.3436255934465186e-15
256 256 1 1 32 16 16 10 0.0040059718003249145 0.00096475402454176853 3.8139254178653828e-16 3.3374502373785885e-16
256 256 1 1 64 1 1 10 0.014006469199921412 0.0011756036177032558 3.8139254178653828e-16 8.3436255934465186e-15
256 256 1 1 64 16 16 10 0.0061069227000189125 0.0013729260954057406 3.8139254178653828e-16 5.0061753560678815e-16
256 256 1 2 1 1 1 10 0.013680402700265404 0.0011605273448500261 3.8139254178653828e-16 8.3436255934465186e-15
256 256 1 2 1 16 16 10 0.002410163100466889 0.0011753456817897869 3.8139254178653828e-16 1.6687251186892942e-16
256 256 1 2 2 1 1 10 0.015120948799994947 0.00098914043719175145 3.8139254178653828e-16 8.3436255934465186e-15
256 256 1 2 2 16 16 10 0.0028521571997771385 0.0012098029919834627 3.8139254178653828e-16 1.6687251186892942e-16
256 256 1 2 4 1 1 10 0.017603745700216677 0.0033542066464288716 3.8139254178653828e-16 8.3436255934465186e-15
256 256 1 2 4 16 16 10 0.0041978621997259321 0.0010696970064103795 3.8139254178653828e-16 0
256 256 1 2 8 1 1 10 0.018204653300199426 0.0046935523211872818 3.8139254178653828e-16 8.3436255934465186e-15
256 256 1 2 8 16 16 10 0.0038763900003687011 0.0012695784573626605 3.8139254178653828e-16 3.3374502373785885e-16
256 256 1 2 16 1 1 10 0.014800653699785471 0.0012192303131898304 3.8139254178653828e-16 8.3436255934465186e-15
256 256 1 2 16 16 16 10 0.0028371556998536105 0.00098763077695080141 3.8139254178653828e-16 6.674900474757176e-16
256 256 1 2 32 1 1 10 0.020879508300095041 0.0039116305076757549 3.8139254178653828e-16 8.3436255934465186e-15
256 256 1 2 32 16 16 10 0.0059116968004673254 0.0017794834191239444 3.8139254178653828e-16 5.0061753560678815e-16
256 256 1 2 64 1 1 10 0.014727336699615989 0.0015401464745220049 3.8139254178653828e-16 8.3436255934465186e-15
256 256 1 2 64 16 16 10 0.0083398390001093517 0.0012207504083914075 3.8139254178653828e-16 3.3374502373785885e-16
