# seed=42 repetitions=10 available_processors=16 memory_limit_mib=512
# máximo medido en serie=2048; siguiente tamaño 4096: presupuesto de memoria
# rows cols layout schedule chunk threads rmse parseval_relative_error
128 128 0 0 0 1 3.4408391759652541e-16 0
128 128 0 0 0 2 3.4408391759652541e-16 6.7041557002907548e-15
128 128 0 0 0 4 3.4408391759652541e-16 2.011246710087231e-15
128 128 0 0 0 8 3.4408391759652541e-16 6.7041557002907827e-16
128 128 0 0 0 16 3.4408391759652541e-16 0
128 128 1 0 0 1 3.4408391759652541e-16 0
128 128 1 0 0 2 3.4408391759652541e-16 6.7041557002907548e-15
128 128 1 0 0 4 3.4408391759652541e-16 2.011246710087231e-15
128 128 1 0 0 8 3.4408391759652541e-16 5.0281167752180882e-16
128 128 1 0 0 16 3.4408391759652541e-16 0
256 256 0 0 0 1 3.8139254178653828e-16 8.3436255934465186e-15
256 256 0 0 0 2 3.8139254178653828e-16 1.1681075830825009e-14
256 256 0 0 0 4 3.8139254178653828e-16 2.8368327017718071e-15
256 256 0 0 0 8 3.8139254178653828e-16 8.3436255934464616e-16
256 256 0 0 0 16 3.8139254178653828e-16 5.0061753560678815e-16
256 256 1 0 0 1 3.8139254178653828e-16 8.3436255934465186e-15
256 256 1 0 0 2 3.8139254178653828e-16 1.1681075830825009e-14
256 256 1 0 0 4 3.8139254178653828e-16 2.6699601899028775e-15
256 256 1 0 0 8 3.8139254178653828e-16 6.67490047475717e-16
256 256 1 0 0 16 3.8139254178653828e-16 1.6687251186892945e-16
512 512 0 0 0 1 4.1479554550031966e-16 2.5677272553665336e-14
512 512 0 0 0 2 4.1479554550031966e-16 2.5677272553664471e-14
512 512 0 0 0 4 4.1479554550031966e-16 4.6685950097572094e-15
512 512 0 0 0 8 4.1479554550031966e-16 5.0020660818826903e-16
512 512 0 0 0 16 4.1479554550031966e-16 1.667355360627569e-16
512 512 1 0 0 1 4.1479554550031966e-16 2.5677272553665336e-14
512 512 1 0 0 2 4.1479554550031966e-16 2.5677272553664471e-14
512 512 1 0 0 4 4.1479554550031966e-16 4.6685950097572094e-15
512 512 1 0 0 8 4.1479554550031966e-16 5.0020660818826903e-16
512 512 1 0 0 16 4.1479554550031966e-16 1.6673553606275688e-16
1024 1024 0 0 0 1 4.4354144304673473e-16 2.1474629799795169e-14
1024 1024 0 0 0 2 4.4354144304673473e-16 7.3246799317128716e-15
1024 1024 0 0 0 4 4.4354144304673473e-16 1.3484069874289864e-14
1024 1024 0 0 0 8 4.4354144304673473e-16 3.9952799627525082e-15
1024 1024 0 0 0 16 4.4354144304673473e-16 5.9929199441287911e-15
1024 1024 1 0 0 1 4.4354144304673473e-16 2.1474629799795169e-14
1024 1024 1 0 0 2 4.4354144304673473e-16 7.3246799317128716e-15
1024 1024 1 0 0 4 4.4354144304673473e-16 1.3650539872737888e-14
1024 1024 1 0 0 8 4.4354144304673473e-16 4.1617499612005298e-15
1024 1024 1 0 0 16 4.4354144304673473e-16 5.6599799472327471e-15
2048 2048 0 0 0 1 4.6900257914147317e-16 4.3803722499691602e-14
2048 2048 0 0 0 2 4.6900257914147317e-16 3.1312166653773369e-14
2048 2048 0 0 0 4 4.6900257914147317e-16 1.8654056729907424e-14
2048 2048 0 0 0 8 4.6900257914147317e-16 3.3310815589119973e-15
2048 2048 0 0 0 16 4.6900257914147317e-16 9.4935824428992369e-15
2048 2048 1 0 0 1 4.6900257914147317e-16 4.3803722499691602e-14
2048 2048 1 0 0 2 4.6900257914147317e-16 3.1312166653773369e-14
2048 2048 1 0 0 4 4.6900257914147317e-16 1.8820610807853028e-14
2048 2048 1 0 0 8 4.6900257914147317e-16 3.3310815589119973e-15
2048 2048 1 0 0 16 4.6900257914147317e-16 9.8266905987904398e-15
256 256 0 0 1 1 3.8139254178653828e-16 8.3436255934465186e-15
256 256 0 0 1 16 3.8139254178653828e-16 1.6687251186892942e-16
256 256 0 0 2 1 3.8139254178653828e-16 8.3436255934465186e-15
256 256 0 0 2 16 3.8139254178653828e-16 5.0061753560678825e-16
256 256 0 0 4 1 3.8139254178653828e-16 8.3436255934465186e-15
256 256 0 0 4 16 3.8139254178653828e-16 6.674900474757176e-16
256 256 0 0 8 1 3.8139254178653828e-16 8.3436255934465186e-15
256 256 0 0 8 16 3.8139254178653828e-16 5.0061753560678815e-16
256 256 0 0 16 1 3.8139254178653828e-16 8.3436255934465186e-15
256 256 0 0 16 16 3.8139254178653828e-16 5.0061753560678815e-16
256 256 0 0 32 1 3.8139254178653828e-16 8.3436255934465186e-15
256 256 0 0 32 16 3.8139254178653828e-16 1.6687251186892942e-16
256 256 0 0 64 1 3.8139254178653828e-16 8.3436255934465186e-15
256 256 0 0 64 16 3.8139254178653828e-16 1.6687251186892942e-16
256 256 0 1 1 1 3.8139254178653828e-16 8.3436255934465186e-15
256 256 0 1 1 16 3.8139254178653828e-16 5.0061753560678815e-16
256 256 0 1 2 1 3.8139254178653828e-16 8.3436255934465186e-15
256 256 0 1 2 16 3.8139254178653828e-16 1.6687251186892942e-16
256 256 0 1 4 1 3.8139254178653828e-16 8.3436255934465186e-15
256 256 0 1 4 16 3.8139254178653828e-16 1.6687251186892942e-16
256 256 0 1 8 1 3.8139254178653828e-16 8.3436255934465186e-15
256 256 0 1 8 16 3.8139254178653828e-16 5.0061753560678825e-16
256 256 0 1 16 1 3.8139254178653828e-16 8.3436255934465186e-15
256 256 0 1 16 16 3.8139254178653828e-16 3.3374502373785885e-16
256 256 0 1 32 1 3.8139254178653828e-16 8.3436255934465186e-15
256 256 0 1 32 16 3.8139254178653828e-16 5.0061753560678825e-16
256 256 0 1 64 1 3.8139254178653828e-16 8.3436255934465186e-15
256 256 0 1 64 16 3.8139254178653828e-16 3.3374502373785885e-16
256 256 0 2 1 1 3.8139254178653828e-16 8.3436255934465186e-15
256 256 0 2 1 16 3.8139254178653828e-16 3.3374502373785885e-16
256 256 0 2 2 1 3.8139254178653828e-16 8.3436255934465186e-15
256 256 0 2 2 16 3.8139254178653828e-16 5.0061753560678815e-16
256 256 0 2 4 1 3.8139254178653828e-16 8.3436255934465186e-15
256 256 0 2 4 16 3.8139254178653828e-16 6.674900474757176e-16
256 256 0 2 8 1 3.8139254178653828e-16 8.3436255934465186e-15
256 256 0 2 8 16 3.8139254178653828e-16 3.3374502373785885e-16
256 256 0 2 16 1 3.8139254178653828e-16 8.3436255934465186e-15
256 256 0 2 16 16 3.8139254178653828e-16 5.0061753560678815e-16
256 256 0 2 32 1 3.8139254178653828e-16 8.3436255934465186e-15
256 256 0 2 32 16 3.8139254178653828e-16 0
256 256 0 2 64 1 3.8139254178653828e-16 8.3436255934465186e-15
256 256 0 2 64 16 3.8139254178653828e-16 0
256 256 1 0 1 1 3.8139254178653828e-16 8.3436255934465186e-15
256 256 1 0 1 16 3.8139254178653828e-16 3.337450237378588e-16
256 256 1 0 2 1 3.8139254178653828e-16 8.3436255934465186e-15
256 256 1 0 2 16 3.8139254178653828e-16 8.3436255934464685e-16
256 256 1 0 4 1 3.8139254178653828e-16 8.3436255934465186e-15
256 256 1 0 4 16 3.8139254178653828e-16 5.0061753560678815e-16
256 256 1 0 8 1 3.8139254178653828e-16 8.3436255934465186e-15
256 256 1 0 8 16 3.8139254178653828e-16 3.3374502373785885e-16
256 256 1 0 16 1 3.8139254178653828e-16 8.3436255934465186e-15
256 256 1 0 16 16 3.8139254178653828e-16 1.6687251186892945e-16
256 256 1 0 32 1 3.8139254178653828e-16 8.3436255934465186e-15
256 256 1 0 32 16 3.8139254178653828e-16 6.674900474757176e-16
256 256 1 0 64 1 3.8139254178653828e-16 8.3436255934465186e-15
256 256 1 0 64 16 3.8139254178653828e-16 6.674900474757176e-16
256 256 1 1 1 1 3.8139254178653828e-16 8.3436255934465186e-15
256 256 1 1 1 16 3.8139254178653828e-16 3.3374502373785885e-16
256 256 1 1 2 1 3.8139254178653828e-16 8.3436255934465186e-15
256 256 1 1 2 16 3.8139254178653828e-16 3.3374502373785885e-16
256 256 1 1 4 1 3.8139254178653828e-16 8.3436255934465186e-15
256 256 1 1 4 16 3.8139254178653828e-16 3.3374502373785885e-16
256 256 1 1 8 1 3.8139254178653828e-16 8.3436255934465186e-15
256 256 1 1 8 16 3.8139254178653828e-16 1.6687251186892942e-16
256 256 1 1 16 1 3.8139254178653828e-16 8.3436255934465186e-15
256 256 1 1 16 16 3.8139254178653828e-16 3.3374502373785885e-16
256 256 1 1 32 1 3.8139254178653828e-16 8.3436255934465186e-15
256 256 1 1 32 16 3.8139254178653828e-16 3.3374502373785885e-16
256 256 1 1 64 1 3.8139254178653828e-16 8.3436255934465186e-15
256 256 1 1 64 16 3.8139254178653828e-16 5.0061753560678815e-16
256 256 1 2 1 1 3.8139254178653828e-16 8.3436255934465186e-15
256 256 1 2 1 16 3.8139254178653828e-16 1.6687251186892942e-16
256 256 1 2 2 1 3.8139254178653828e-16 8.3436255934465186e-15
256 256 1 2 2 16 3.8139254178653828e-16 1.6687251186892942e-16
256 256 1 2 4 1 3.8139254178653828e-16 8.3436255934465186e-15
256 256 1 2 4 16 3.8139254178653828e-16 0
256 256 1 2 8 1 3.8139254178653828e-16 8.3436255934465186e-15
256 256 1 2 8 16 3.8139254178653828e-16 3.3374502373785885e-16
256 256 1 2 16 1 3.8139254178653828e-16 8.3436255934465186e-15
256 256 1 2 16 16 3.8139254178653828e-16 6.674900474757176e-16
256 256 1 2 32 1 3.8139254178653828e-16 8.3436255934465186e-15
256 256 1 2 32 16 3.8139254178653828e-16 5.0061753560678815e-16
256 256 1 2 64 1 3.8139254178653828e-16 8.3436255934465186e-15
256 256 1 2 64 16 3.8139254178653828e-16 3.3374502373785885e-16
