# seed=42 repetitions=10 available_processors=16 memory_limit_mib=512
# máximo medido en serie=2048; siguiente tamaño 4096: presupuesto de memoria
# rows cols layout schedule chunk threads speedup sigma_speedup efficiency sigma_efficiency f amdahl_speedup residual fit_clamped
128 128 0 0 0 1 1 0 1 0 0.12512032100615819 1 0 0
128 128 0 0 0 2 1.995060119627887 0.55042917888997267 0.99753005981394349 0.27521458944498634 0.12512032100615819 1.7775876612125052 0.21747245841538176 0
128 128 0 0 0 4 3.3529707410050986 0.67998829364028957 0.83824268525127466 0.16999707341007239 0.12512032100615819 2.9083274191680473 0.44464332183705135 0
128 128 0 0 0 8 4.2829741937016754 1.7988742047580903 0.53537177421270943 0.22485927559476129 0.12512032100615819 4.2647509472667071 0.01822324643496831 0
128 128 0 0 0 16 4.001370044839538 1.3810749198271846 0.25008562780247112 0.086317182489199035 0.12512032100615819 5.5617259523692244 -1.5603559075296864 0
128 128 1 0 0 1 1 0 1 0 0.210146258401786 1 0 0
128 128 1 0 0 2 1.9946529421834625 0.097305509441686658 0.99732647109173123 0.048652754720843329 0.210146258401786 1.6526927932177031 0.34196014896575933 0
128 128 1 0 0 4 3.0465384413785723 0.27619118318734054 0.76163461034464308 0.069047795796835135 0.210146258401786 2.4533273256434849 0.59321111573508745 0
128 128 1 0 0 8 2.4060637967997396 0.82255385306191087 0.30075797459996745 0.10281923163273886 0.210146258401786 3.2375244509863923 -0.83146065418665271 0
128 128 1 0 0 16 3.5879817355565082 1.9761964689324762 0.22424885847228176 0.12351227930827977 0.210146258401786 3.8533846149087587 -0.26540287935225049 0
256 256 0 0 0 1 1 0 1 0 0.17989582091903897 1 0 0
256 256 0 0 0 2 1.8021694530292212 0.11042060030833405 0.90108472651461058 0.055210300154167023 0.17989582091903897 1.6950649070374446 0.10710454599177655 0
256 256 0 0 0 4 3.0910737614614039 0.21145429709702118 0.77276844036535097 0.052863574274255296 0.17989582091903897 2.5979298375510598 0.49314392391034412 0
256 256 0 0 0 8 2.9435343109755778 0.26509824073308891 0.36794178887194723 0.033137280091636113 0.17989582091903897 3.5409656025643046 -0.59743129158872676 0
256 256 0 0 0 16 4.0736217549661626 0.85193297344959407 0.25460135968538516 0.053245810840599629 0.17989582091903897 4.3261514641228267 -0.25252970915666406 0
256 256 1 0 0 1 1 0 1 0 0.29616266342861131 1 0 0
256 256 1 0 0 2 1.249844942574539 0.1735438405859013 0.62492247128726952 0.086771920292950652 0.29616266342861131 1.5430162096396118 -0.29317126706507279 0
256 256 1 0 0 4 2.078885645193715 0.20209030819359511 0.51972141129842875 0.050522577048398777 0.29616266342861131 2.1180966045723046 -0.039210959378589649 0
256 256 1 0 0 8 2.906770027951779 0.20337863536654707 0.36334625349397237 0.025422329420818384 0.29616266342861131 2.6032017838240016 0.30356824412777739 0
256 256 1 0 0 16 3.4554768020288669 0.5088729013552612 0.21596730012680418 0.031804556334703825 0.29616266342861131 2.939857884109212 0.51561891791965486 0
512 512 0 0 0 1 1 0 1 0 0 1 0 1
512 512 0 0 0 2 2.5628130560726281 0.46855957757767547 1.2814065280363141 0.23427978878883773 0 2 0.5628130560726281 1
512 512 0 0 0 4 4.7104397266977607 0.87450609640428667 1.1776099316744402 0.21862652410107167 0 4 0.71043972669776068 1
512 512 0 0 0 8 6.2596356834005595 1.1499446508819415 0.78245446042506994 0.14374308136024269 0 8 -1.7403643165994405 1
512 512 0 0 0 16 9.0757018484839467 1.7489042389090041 0.56723136553024667 0.10930651493181276 0 16 -6.9242981515160533 1
512 512 1 0 0 1 1 0 1 0 0.08988482048111901 1 0 0
512 512 1 0 0 2 2.1589874301972616 0.66897976710002383 1.0794937150986308 0.33448988355001191 0.08988482048111901 1.8350562944046871 0.32393113579257449 0
512 512 1 0 0 4 2.7877988852717914 0.68993560661075459 0.69694972131794786 0.17248390165268865 0.08988482048111901 3.1504634697638574 -0.36266458449206596 0
512 512 1 0 0 8 4.2526402679640887 1.0532606564225793 0.53158003349551108 0.13165758205282241 0.08988482048111901 4.9104043227311802 -0.65776405476709154 0
512 512 1 0 0 16 7.8161125929284934 2.3887281413691661 0.48850703705803084 0.14929550883557288 0.08988482048111901 6.8135198591868127 1.0025927337416807 0
1024 1024 0 0 0 1 1 0 1 0 0.019932887176341396 1 0 0
1024 1024 0 0 0 2 2.1283650971413017 0.552870527553742 1.0641825485706509 0.276435263776871 0.019932887176341396 1.9609133357165778 0.16745176142472395 0
1024 1024 0 0 0 4 4.7337445641905234 1.0542341004822791 1.1834361410476308 0.26355852512056976 0.019932887176341396 3.7743018039190588 0.95944276027146458 0
1024 1024 0 0 0 8 5.4246444335831701 1.2537594464830164 0.67808055419789626 0.15671993081037705 0.019932887176341396 7.0204369556419932 -1.5957925220588232 0
1024 1024 0 0 0 16 9.3952428036197837 2.0983057237168161 0.58720267522623648 0.13114410773230101 0.019932887176341396 12.317230509066738 -2.9219877054469539 0
1024 1024 1 0 0 1 1 0 1 0 0.16226445613278467 1 0 0
1024 1024 1 0 0 2 1.3481036495202825 0.26289435774123082 0.67405182476014125 0.13144717887061541 0.16226445613278467 1.7207787689340701 -0.37267511941378761 0
1024 1024 1 0 0 4 3.0192442346927564 0.40113505386842618 0.75481105867318909 0.10028376346710655 0.16226445613278467 2.6903536732269622 0.32889056146579421 0
1024 1024 1 0 0 8 3.8202262262431756 0.49698204036639065 0.47752827828039696 0.062122755045798832 0.16226445613278467 3.7455792924540559 0.074646933789119796 0
1024 1024 1 0 0 16 6.016725002223219 0.82480615494774945 0.37604531263895119 0.051550384684234341 0.16226445613278467 4.6593344479469918 1.3573905542762272 0
2048 2048 0 0 0 1 1 0 1 0 0.099487076061916646 1 0 0
2048 2048 0 0 0 2 1.6794538806121875 0.37288660490611214 0.83972694030609374 0.18644330245305607 0.099487076061916646 1.8190300218566386 -0.13957614124445117 0
2048 2048 0 0 0 4 3.1407080422536304 0.68323442102741072 0.78517701056340761 0.17080860525685268 0.099487076061916646 3.0805694565011565 0.060138585752473883 0
2048 2048 0 0 0 8 4.475117206452695 0.86608793891467528 0.55938965080658687 0.10826099236433441 0.099487076061916646 4.7158423995203513 -0.24072519306765638 0
2048 2048 0 0 0 16 7.9536428746673691 1.2947986118846273 0.49710267966671057 0.080924913242789207 0.099487076061916646 6.4197570825057841 1.5338857921615849 0
2048 2048 1 0 0 1 1 0 1 0 0.11916944009177888 1 0 0
2048 2048 1 0 0 2 1.7620672980554146 0.18170700912318447 0.88103364902770731 0.090853504561592233 0.11916944009177888 1.787039503005003 -0.024972204949588406 0
2048 2048 1 0 0 4 3.2178553085335548 0.59148490092855877 0.80446382713338871 0.14787122523213969 0.11916944009177888 2.9465749419412028 0.271280366592352 0
2048 2048 1 0 0 8 4.2203650843199672 0.34826393679349754 0.52754563553999589 0.043532992099187193 0.11916944009177888 4.361607627726559 -0.14124254340659181 0
2048 2048 1 0 0 16 5.3844759470773171 0.62453508097533461 0.33652974669233232 0.039033442560958413 0.11916944009177888 5.7398246512619151 -0.35534870418459796 0
256 256 0 0 1 1 1 0 1 0 0.20604225409903437 1 0 0
256 256 0 0 1 16 3.9113743095448559 0.94525513644644821 0.24446089434655349 0.059078446027903013 0.20604225409903437 3.9113743095448559 0 0
256 256 0 0 2 1 1 0 1 0 0.15490692693837907 1 0 0
256 256 0 0 2 16 4.8140513917375767 0.69196959040924211 0.30087821198359854 0.043248099400577632 0.15490692693837907 4.8140513917375767 0 0
256 256 0 0 4 1 1 0 1 0 0.19341109433079443 1 0 0
256 256 0 0 4 16 4.1013374714383195 1.021314163822729 0.25633359196489497 0.063832135238920562 0.19341109433079443 4.1013374714383195 0 0
256 256 0 0 8 1 1 0 1 0 0.15955709973468768 1 0 0
256 256 0 0 8 16 4.7150955164199795 0.85629561795265818 0.29469346977624872 0.053518476122041136 0.15955709973468768 4.7150955164199795 0 0
256 256 0 0 16 1 1 0 1 0 0.17953818120058931 1 0 0
256 256 0 0 16 16 4.3324356766596708 0.65947358697399405 0.27077722979122942 0.041217099185874628 0.17953818120058931 4.3324356766596717 -8.8817841970012523e-16 0
256 256 0 0 32 1 1 0 1 0 0.23045483903864944 1 0 0
256 256 0 0 32 16 3.5900015521750293 0.53094361206387586 0.22437509701093933 0.033183975753992241 0.23045483903864944 3.5900015521750293 0 0
256 256 0 0 64 1 1 0 1 0 0.31941643509614204 1 0 0
256 256 0 0 64 16 2.7627903469392878 0.52503880426007621 0.17267439668370549 0.032814925266254763 0.31941643509614204 2.7627903469392878 0 0
256 256 0 1 1 1 1 0 1 0 0.11649752152685264 1 0 0
256 256 0 1 1 16 5.8235546871187305 0.84784481193979022 0.36397216794492065 0.052990300746236889 0.11649752152685264 5.8235546871187314 -8.8817841970012523e-16 0
256 256 0 1 2 1 1 0 1 0 0.10575216413864033 1 0 0
256 256 0 1 2 16 6.1864859057716979 1.3133700103116399 0.38665536911073112 0.082085625644477495 0.10575216413864033 6.186485905771697 8.8817841970012523e-16 0
256 256 0 1 4 1 1 0 1 0 0.13844245172665226 1 0 0
256 256 0 1 4 16 5.2004838937546305 0.87060350758707761 0.32503024335966441 0.05441271922419235 0.13844245172665226 5.2004838937546296 8.8817841970012523e-16 0
256 256 0 1 8 1 1 0 1 0 0.15476255677255937 1 0 0
256 256 0 1 8 16 4.817190116549483 0.98029595185586127 0.30107438228434269 0.061268496990991329 0.15476255677255937 4.8171901165494821 8.8817841970012523e-16 0
256 256 0 1 16 1 1 0 1 0 0.16149374209196296 1 0 0
256 256 0 1 16 16 4.6750734383329879 0.92997153026454182 0.29219208989581175 0.058123220641533864 0.16149374209196296 4.6750734383329888 -8.8817841970012523e-16 0
256 256 0 1 32 1 1 0 1 0 0.23880404126066831 1 0 0
256 256 0 1 32 16 3.49187872678255 1.0374792062097919 0.21824242042390937 0.064842450388111997 0.23880404126066831 3.49187872678255 0 0
256 256 0 1 64 1 1 0 1 0 0.46225106887765594 1 0 0
256 256 0 1 64 16 2.0166967280250736 0.58523183752849117 0.1260435455015671 0.036576989845530698 0.46225106887765594 2.0166967280250736 0 0
256 256 0 2 1 1 1 0 1 0 0.1501517696579148 1 0 0
256 256 0 2 1 16 4.9196308429687488 1.6472300701219349 0.3074769276855468 0.10295187938262093 0.1501517696579148 4.9196308429687488 0 0
256 256 0 2 2 1 1 0 1 0 0.10825356375068397 1 0 0
256 256 0 2 2 16 6.0980177314062249 1.5946428867825821 0.38112610821288906 0.099665180423911384 0.10825356375068397 6.0980177314062249 0 0
256 256 0 2 4 1 1 0 1 0 0.12245363379853359 1 0 0
256 256 0 2 4 16 5.6401489636113515 1.0271531683622974 0.35250931022570947 0.064197073022643589 0.12245363379853359 5.6401489636113515 0 0
256 256 0 2 8 1 1 0 1 0 0.20463096691929994 1 0 0
256 256 0 2 8 16 3.9317212338627718 0.73007106847855541 0.24573257711642324 0.045629441779909713 0.20463096691929994 3.9317212338627714 4.4408920985006262e-16 0
256 256 0 2 16 1 1 0 1 0 0.19301325895579108 1 0 0
256 256 0 2 16 16 4.1076208109265524 0.76213802977599776 0.25672630068290953 0.04763362686099986 0.19301325895579108 4.1076208109265524 0 0
256 256 0 2 32 1 1 0 1 0 0.24148369104212092 1 0 0
256 256 0 2 32 16 3.4615136409307774 0.8690958236518207 0.21634460255817359 0.054318488978238794 0.24148369104212092 3.461513640930777 4.4408920985006262e-16 0
256 256 0 2 64 1 1 0 1 0 0.40039822700571381 1 0 0
256 256 0 2 64 16 2.283765449121665 0.34657822490897167 0.14273534057010406 0.021661139056810729 0.40039822700571381 2.283765449121665 0 0
256 256 1 0 1 1 1 0 1 0 0.1875946053401514 1 0 0
256 256 1 0 1 16 4.1951597986108702 0.74299955684484931 0.26219748741317939 0.046437472302803082 0.1875946053401514 4.1951597986108711 -8.8817841970012523e-16 0
256 256 1 0 2 1 1 0 1 0 0.18291396671306445 1 0 0
256 256 1 0 2 16 4.2738358831061953 0.9238468428600396 0.26711474269413721 0.057740427678752475 0.18291396671306445 4.2738358831061953 0 0
256 256 1 0 4 1 1 0 1 0 0.16417463333545654 1 0 0
256 256 1 0 4 16 4.6207791528502735 1.080074389466845 0.28879869705314209 0.067504649341677811 0.16417463333545654 4.6207791528502735 0 0
256 256 1 0 8 1 1 0 1 0 0.18903323275642503 1 0 0
256 256 1 0 8 16 4.17155684876401 0.6878574943847765 0.26072230304775063 0.042991093399048531 0.18903323275642503 4.17155684876401 0 0
256 256 1 0 16 1 1 0 1 0 0.20961029956028204 1 0 0
256 256 1 0 16 16 3.860859923409067 0.72308118704542912 0.24130374521306669 0.04519257419033932 0.20961029956028204 3.860859923409067 0 0
256 256 1 0 32 1 1 0 1 0 0.25532149369516371 1 0 0
256 256 1 0 32 16 3.3127512063425328 0.50102816496135039 0.2070469503964083 0.031314260310084399 0.25532149369516371 3.3127512063425337 -8.8817841970012523e-16 0
256 256 1 0 64 1 1 0 1 0 0.32146376604513682 1 0 0
256 256 1 0 64 16 2.7482170341914243 0.34723286829277278 0.17176356463696402 0.021702054268298299 0.32146376604513682 2.7482170341914243 0 0
256 256 1 1 1 1 1 0 1 0 0.10382682035967757 1 0 0
256 256 1 1 1 16 6.2563484697913889 0.57279887463460644 0.39102177936196181 0.035799929664662902 0.10382682035967757 6.256348469791388 8.8817841970012523e-16 0
256 256 1 1 2 1 1 0 1 0 0.13183684487747094 1 0 0
256 256 1 1 2 16 5.3735405402613816 0.96514815811380994 0.33584628376633635 0.060321759882113121 0.13183684487747094 5.3735405402613816 0 0
256 256 1 1 4 1 1 0 1 0 0.14762679533037362 1 0 0
256 256 1 1 4 16 4.9775978078201888 1.5129101682677675 0.3110998629887618 0.094556885516735467 0.14762679533037362 4.9775978078201879 8.8817841970012523e-16 0
256 256 1 1 8 1 1 0 1 0 0.12135562438470243 1 0 0
256 256 1 1 8 16 5.6730862106942697 1.0853391631602656 0.35456788816839185 0.067833697697516598 0.12135562438470243 5.6730862106942697 0 0
256 256 1 1 16 1 1 0 1 0 0.14170380562500251 1 0 0
256 256 1 1 16 16 5.1190874356400489 0.90048942946167143 0.31994296472750305 0.056280589341354464 0.14170380562500251 5.1190874356400489 0 0
256 256 1 1 32 1 1 0 1 0 0.28343486854432837 1 0 0
256 256 1 1 32 16 3.0467351879043338 0.52137396025625393 0.19042094924402087 0.032585872516015871 0.28343486854432837 3.0467351879043338 0 0
256 256 1 1 64 1 1 0 1 0 0.44560378819627705 1 0 0
256 256 1 1 64 16 2.0822334306827237 0.3339448235605546 0.13013958941767023 0.020871551472534663 0.44560378819627705 2.0822334306827237 0 0
256 256 1 2 1 1 1 0 1 0 0.1093216677045411 1 0 0
256 256 1 2 1 16 6.0610077962143416 1.0893165183710205 0.37881298726339635 0.068082282398188781 0.1093216677045411 6.0610077962143416 0 0
256 256 1 2 2 1 1 0 1 0 0.09267394918231607 1 0 0
256 256 1 2 2 16 6.6942547007450672 0.94425198219655238 0.4183909187965667 0.059015748887284523 0.09267394918231607 6.6942547007450672 0 0
256 256 1 2 4 1 1 0 1 0 0.11181292757950381 1 0 0
256 256 1 2 4 16 5.9764068333517821 1.6565497355955077 0.37352542708448638 0.10353435847471923 0.11181292757950381 5.9764068333517821 0 0
256 256 1 2 8 1 1 0 1 0 0.13122809049932996 1 0 0
256 256 1 2 8 16 5.3900703684228128 0.95662268494834002 0.3368793980264258 0.059788917809271251 0.13122809049932996 5.3900703684228137 -8.8817841970012523e-16 0
256 256 1 2 16 1 1 0 1 0 0.13026794944006009 1 0 0
256 256 1 2 16 16 5.4163492825892892 0.87729538825782749 0.33852183016183057 0.054830961766114218 0.13026794944006009 5.4163492825892892 0 0
256 256 1 2 32 1 1 0 1 0 0.25778534355349969 1 0 0
256 256 1 2 32 16 3.2875945688943302 0.37976986989427647 0.20547466055589564 0.023735616868392279 0.25778534355349969 3.2875945688943302 0 0
256 256 1 2 64 1 1 0 1 0 0.44351909647291304 1 0 0
256 256 1 2 64 16 2.0907417331730631 0.44403168913367391 0.13067135832331644 0.02775198057085462 0.44351909647291304 2.0907417331730627 4.4408920985006262e-16 0
