# seed=42 repetitions=10 available_processors=16 memory_limit_mib=512
# máximo medido en serie=256; siguiente tamaño: doble de 256, excede --max-size configurado
# rows cols layout schedule chunk requested_threads actual_threads repetitions mean_s stddev_s rmse parseval_relative_error
128 128 0 0 0 1 1 10 0.0051747389998126891 0.00065749877529935788 3.4408391759652541e-16 0
128 128 0 0 0 2 2 10 0.0023053259998050634 0.00014045265048451239 3.4408391759652541e-16 6.7041557002907548e-15
128 128 0 0 0 4 4 10 0.0025266944996474193 0.0013103906333406501 3.4408391759652541e-16 2.011246710087231e-15
128 128 1 0 0 1 1 10 0.0067774166998788125 0.00061808658163286677 3.4408391759652541e-16 0
128 128 1 0 0 2 2 10 0.0022170349999214522 0.00018650890007626382 3.4408391759652541e-16 6.7041557002907548e-15
128 128 1 0 0 4 4 10 0.0013377963001403256 0.00041504348290975117 3.4408391759652541e-16 2.011246710087231e-15
256 256 0 0 0 1 1 10 0.014545661099873541 0.0015613770348864772 3.8139254178653828e-16 8.3436255934465186e-15
256 256 0 0 0 2 2 10 0.0097045493997939044 0.00099054963200335511 3.8139254178653828e-16 1.1681075830825009e-14
256 256 0 0 0 4 4 10 0.0060996705999059484 0.0009923735460274836 3.8139254178653828e-16 2.6699601899028775e-15
256 256 1 0 0 1 1 10 0.015148614700046891 0.0018003470136876102 3.8139254178653828e-16 8.3436255934465186e-15
256 256 1 0 0 2 2 10 0.0089818387998093392 0.00076448075725346805 3.8139254178653828e-16 1.1681075830825009e-14
256 256 1 0 0 4 4 10 0.0059286222998707677 0.00096414171024520061 3.8139254178653828e-16 2.6699601899028775e-15
256 256 0 0 1 1 1 10 0.01415792910011078 0.001066147045362872 3.8139254178653828e-16 8.3436255934465186e-15
256 256 0 0 1 4 4 10 0.0065665576999890621 0.0013201631575749352 3.8139254178653828e-16 2.6699601899028775e-15
256 256 0 0 2 1 1 10 0.014229181399969093 0.0010591444671911544 3.8139254178653828e-16 8.3436255934465186e-15
256 256 0 0 2 4 4 10 0.00583965050009283 0.00089558938947189182 3.8139254178653828e-16 2.6699601899028775e-15
256 256 0 0 4 1 1 10 0.015849047899791913 0.0017162814744603886 3.8139254178653828e-16 8.3436255934465186e-15
256 256 0 0 4 4 4 10 0.0063931028998922557 0.0014422047856650984 3.8139254178653828e-16 2.6699601899028775e-15
256 256 0 0 8 1 1 10 0.013948844599690346 0.0013798739778287973 3.8139254178653828e-16 8.3436255934465186e-15
256 256 0 0 8 4 4 10 0.0055864862999442265 0.00084720882823172399 3.8139254178653828e-16 2.8368327017718071e-15
256 256 0 0 16 1 1 10 0.015424963499754085 0.0017513587233841778 3.8139254178653828e-16 8.3436255934465186e-15
256 256 0 0 16 4 4 10 0.0055986143996051398 0.00049845214416892152 3.8139254178653828e-16 2.8368327017718071e-15
256 256 0 0 32 1 1 10 0.014838694199897874 0.001418837005849426 3.8139254178653828e-16 8.3436255934465186e-15
256 256 0 0 32 4 4 10 0.0059507182997549524 0.00097977319267784414 3.8139254178653828e-16 2.6699601899028775e-15
256 256 0 0 64 1 1 10 0.016068571800497009 0.0017841782477383049 3.8139254178653828e-16 8.3436255934465186e-15
256 256 0 0 64 4 4 10 0.0054760545001045101 0.0006013124508502121 3.8139254178653828e-16 2.6699601899028775e-15
256 256 0 1 1 1 1 10 0.014053127800070798 0.00075222761612616588 3.8139254178653828e-16 8.3436255934465186e-15
256 256 0 1 1 4 4 10 0.0055215791997397894 0.0002996725132716955 3.8139254178653828e-16 2.8368327017718071e-15
256 256 0 1 2 1 1 10 0.01530318530039949 0.0021965350599604046 3.8139254178653828e-16 8.3436255934465186e-15
256 256 0 1 2 4 4 10 0.0061029877999317248 0.00097165034845449259 3.8139254178653828e-16 2.6699601899028775e-15
256 256 0 1 4 1 1 10 0.014292577099877236 0.001323711295352255 3.8139254178653828e-16 8.3436255934465186e-15
256 256 0 1 4 4 4 10 0.0055721345001074956 0.00065013340726679397 3.8139254178653828e-16 2.8368327017718071e-15
256 256 0 1 8 1 1 10 0.015225203599948146 0.0020680738045589873 3.8139254178653828e-16 8.3436255934465186e-15
256 256 0 1 8 4 4 10 0.0060968522995608508 0.0012150696125476606 3.8139254178653828e-16 2.6699601899028775e-15
256 256 0 1 16 1 1 10 0.014151768300143886 0.0012911369139533221 3.8139254178653828e-16 8.3436255934465186e-15
256 256 0 1 16 4 4 10 0.0058463418999963332 0.00057625137013055658 3.8139254178653828e-16 2.8368327017718071e-15
256 256 0 1 32 1 1 10 0.029234705500130072 0.0053610742602929768 3.8139254178653828e-16 8.3436255934465186e-15
256 256 0 1 32 4 4 10 0.0083482032996471389 0.0020782222921881897 3.8139254178653828e-16 2.8368327017718071e-15
256 256 0 1 64 1 1 10 0.016929991700271783 0.0027811404147895834 3.8139254178653828e-16 8.3436255934465186e-15
256 256 0 1 64 4 4 10 0.0060934912995435292 0.0011985278159346207 3.8139254178653828e-16 2.6699601899028775e-15
256 256 0 2 1 1 1 10 0.015203508799640986 0.001957254110419793 3.8139254178653828e-16 8.3436255934465186e-15
256 256 0 2 1 4 4 10 0.0056112625003152065 0.00089229849067848518 3.8139254178653828e-16 2.6699601899028775e-15
256 256 0 2 2 1 1 10 0.014462666199688102 0.001384668622905906 3.8139254178653828e-16 8.3436255934465186e-15
256 256 0 2 2 4 4 10 0.0057301228996948341 0.00080886410747352364 3.8139254178653828e-16 2.6699601899028775e-15
256 256 0 2 4 1 1 10 0.018954739199944018 0.0018112015454730061 3.8139254178653828e-16 8.3436255934465186e-15
256 256 0 2 4 4 4 10 0.0054175956000108274 0.00048144995125340401 3.8139254178653828e-16 2.6699601899028775e-15
256 256 0 2 8 1 1 10 0.016665363900028752 0.0019544592968346263 3.8139254178653828e-16 8.3436255934465186e-15
256 256 0 2 8 4 4 10 0.0057835437004541751 0.00080547209264555757 3.8139254178653828e-16 2.6699601899028775e-15
256 256 0 2 16 1 1 10 0.015093783000520489 0.0013541540071440347 3.8139254178653828e-16 8.3436255934465186e-15
256 256 0 2 16 4 4 10 0.0057777881998845254 0.0012442354326370848 3.8139254178653828e-16 2.8368327017718071e-15
256 256 0 2 32 1 1 10 0.018158907700126289 0.0030888502237039423 3.8139254178653828e-16 8.3436255934465186e-15
256 256 0 2 32 4 4 10 0.0061314686998230183 0.0016059698674509401 3.8139254178653828e-16 2.8368327017718071e-15
256 256 0 2 64 1 1 10 0.014319904999501887 0.0013560559946122887 3.8139254178653828e-16 8.3436255934465186e-15
256 256 0 2 64 4 4 10 0.00595610910004325 0.00065601469441192131 3.8139254178653828e-16 2.8368327017718071e-15
256 256 1 0 1 1 1 10 0.014072795200081601 0.0010935022794740039 3.8139254178653828e-16 8.3436255934465186e-15
256 256 1 0 1 4 4 10 0.0062946894004198839 0.0010489075791431451 3.8139254178653828e-16 2.8368327017718071e-15
256 256 1 0 2 1 1 10 0.014099781900222295 0.0014027298701352801 3.8139254178653828e-16 8.3436255934465186e-15
256 256 1 0 2 4 4 10 0.005673446899527335 0.0011471777348231321 3.8139254178653828e-16 2.8368327017718071e-15
256 256 1 0 4 1 1 10 0.015438572300081433 0.0019483994341260309 3.8139254178653828e-16 8.3436255934465186e-15
256 256 1 0 4 4 4 10 0.0060866604995680976 0.0015500695504077771 3.8139254178653828e-16 2.6699601899028775e-15
256 256 1 0 8 1 1 10 0.014173377000224719 0.0015140380040720861 3.8139254178653828e-16 8.3436255934465186e-15
256 256 1 0 8 4 4 10 0.0061198385996249277 0.0012464868293592618 3.8139254178653828e-16 2.8368327017718071e-15
256 256 1 0 16 1 1 10 0.014639547000115272 0.0012621043074068708 3.8139254178653828e-16 8.3436255934465186e-15
256 256 1 0 16 4 4 10 0.0057147606996295515 0.0009538252900276545 3.8139254178653828e-16 2.6699601899028775e-15
256 256 1 0 32 1 1 10 0.013976322400230856 0.0010810176010632214 3.8139254178653828e-16 8.3436255934465186e-15
256 256 1 0 32 4 4 10 0.0056630117001986949 0.00099824004384933807 3.8139254178653828e-16 2.8368327017718071e-15
256 256 1 0 64 1 1 10 0.015970464799829644 0.0013438646111835738 3.8139254178653828e-16 8.3436255934465186e-15
256 256 1 0 64 4 4 10 0.0060993089000476175 0.00071311355806848208 3.8139254178653828e-16 2.8368327017718071e-15
256 256 1 1 1 1 1 10 0.01394757079979172 0.0010660037996299268 3.8139254178653828e-16 8.3436255934465186e-15
256 256 1 1 1 4 4 10 0.0058560053001201597 0.0013666561769991343 3.8139254178653828e-16 2.6699601899028775e-15
256 256 1 1 2 1 1 10 0.014300526900115074 0.0019118753797072753 3.8139254178653828e-16 8.3436255934465186e-15
256 256 1 1 2 4 4 10 0.0056162700000641054 0.00084329045842939439 3.8139254178653828e-16 2.8368327017718071e-15
256 256 1 1 4 1 1 10 0.014090529499480909 0.0012316550900907002 3.8139254178653828e-16 8.3436255934465186e-15
256 256 1 1 4 4 4 10 0.0052337552002427396 0.00030606601780558277 3.8139254178653828e-16 2.6699601899028775e-15
256 256 1 1 8 1 1 10 0.015451059299994085 0.0018047821346051625 3.8139254178653828e-16 8.3436255934465186e-15
256 256 1 1 8 4 4 10 0.00540593469995656 0.00040648060398853841 3.8139254178653828e-16 2.6699601899028775e-15
256 256 1 1 16 1 1 10 0.013963034699736454 0.0010488504536686955 3.8139254178653828e-16 8.3436255934465186e-15
256 256 1 1 16 4 4 10 0.0057895865998943913 0.00059984449197045557 3.8139254178653828e-16 2.8368327017718071e-15
256 256 1 1 32 1 1 10 0.014761445200201707 0.0019572690475683657 3.8139254178653828e-16 8.3436255934465186e-15
256 256 1 1 32 4 4 10 0.0059174373998757803 0.0011333421329701766 3.8139254178653828e-16 2.6699601899028775e-15
256 256 1 1 64 1 1 10 0.015253666399985377 0.0019627524108949226 3.8139254178653828e-16 8.3436255934465186e-15
256 256 1 1 64 4 4 10 0.0056713773998126275 0.0011262806967515494 3.8139254178653828e-16 2.6699601899028775e-15
256 256 1 2 1 1 1 10 0.015112890499585774 0.0013168024127091127 3.8139254178653828e-16 8.3436255934465186e-15
256 256 1 2 1 4 4 10 0.0058854023998719642 0.0008440977899517038 3.8139254178653828e-16 2.8368327017718071e-15
256 256 1 2 2 1 1 10 0.016496614499919817 0.0030017252864502513 3.8139254178653828e-16 8.3436255934465186e-15
256 256 1 2 2 4 4 10 0.0062001902997508296 0.00094236903126771723 3.8139254178653828e-16 2.8368327017718071e-15
256 256 1 2 4 1 1 10 0.030613166499642831 0.0029691826212644014 3.8139254178653828e-16 8.3436255934465186e-15
256 256 1 2 4 4 4 10 0.0083789331998559667 0.0022016184752527892 3.8139254178653828e-16 2.8368327017718071e-15
256 256 1 2 8 1 1 10 0.017225645699545569 0.0060266772735301632 3.8139254178653828e-16 8.3436255934465186e-15
256 256 1 2 8 4 4 10 0.0054994706000798038 0.00039786671238059546 3.8139254178653828e-16 2.6699601899028775e-15
256 256 1 2 16 1 1 10 0.017810029600150299 0.0031761687762429202 3.8139254178653828e-16 8.3436255934465186e-15
256 256 1 2 16 4 4 10 0.0066028378005285049 0.0011338784590760496 3.8139254178653828e-16 2.6699601899028775e-15
256 256 1 2 32 1 1 10 0.022550843699718826 0.0014610205522777846 3.8139254178653828e-16 8.3436255934465186e-15
256 256 1 2 32 4 4 10 0.0072929803000079127 0.00051801333336135068 3.8139254178653828e-16 2.6699601899028775e-15
256 256 1 2 64 1 1 10 0.018915171299886423 0.0015813024225617958 3.8139254178653828e-16 8.3436255934465186e-15
256 256 1 2 64 4 4 10 0.0064194094004051292 0.00066062690149360209 3.8139254178653828e-16 2.8368327017718071e-15
