# seed=42 repetitions=10 available_processors=16 memory_limit_mib=512
# máximo medido en serie=256; siguiente tamaño: doble de 256, excede --max-size configurado
# rows cols layout schedule chunk threads rmse parseval_relative_error
128 128 0 0 0 1 3.4408391759652541e-16 0
128 128 0 0 0 2 3.4408391759652541e-16 6.7041557002907548e-15
128 128 0 0 0 4 3.4408391759652541e-16 2.011246710087231e-15
128 128 1 0 0 1 3.4408391759652541e-16 0
128 128 1 0 0 2 3.4408391759652541e-16 6.7041557002907548e-15
128 128 1 0 0 4 3.4408391759652541e-16 2.011246710087231e-15
256 256 0 0 0 1 3.8139254178653828e-16 8.3436255934465186e-15
256 256 0 0 0 2 3.8139254178653828e-16 1.1681075830825009e-14
256 256 0 0 0 4 3.8139254178653828e-16 2.6699601899028775e-15
256 256 1 0 0 1 3.8139254178653828e-16 8.3436255934465186e-15
256 256 1 0 0 2 3.8139254178653828e-16 1.1681075830825009e-14
256 256 1 0 0 4 3.8139254178653828e-16 2.6699601899028775e-15
256 256 0 0 1 1 3.8139254178653828e-16 8.3436255934465186e-15
256 256 0 0 1 4 3.8139254178653828e-16 2.6699601899028775e-15
256 256 0 0 2 1 3.8139254178653828e-16 8.3436255934465186e-15
256 256 0 0 2 4 3.8139254178653828e-16 2.6699601899028775e-15
256 256 0 0 4 1 3.8139254178653828e-16 8.3436255934465186e-15
256 256 0 0 4 4 3.8139254178653828e-16 2.6699601899028775e-15
256 256 0 0 8 1 3.8139254178653828e-16 8.3436255934465186e-15
256 256 0 0 8 4 3.8139254178653828e-16 2.8368327017718071e-15
256 256 0 0 16 1 3.8139254178653828e-16 8.3436255934465186e-15
256 256 0 0 16 4 3.8139254178653828e-16 2.8368327017718071e-15
256 256 0 0 32 1 3.8139254178653828e-16 8.3436255934465186e-15
256 256 0 0 32 4 3.8139254178653828e-16 2.6699601899028775e-15
256 256 0 0 64 1 3.8139254178653828e-16 8.3436255934465186e-15
256 256 0 0 64 4 3.8139254178653828e-16 2.6699601899028775e-15
256 256 0 1 1 1 3.8139254178653828e-16 8.3436255934465186e-15
256 256 0 1 1 4 3.8139254178653828e-16 2.8368327017718071e-15
256 256 0 1 2 1 3.8139254178653828e-16 8.3436255934465186e-15
256 256 0 1 2 4 3.8139254178653828e-16 2.6699601899028775e-15
256 256 0 1 4 1 3.8139254178653828e-16 8.3436255934465186e-15
256 256 0 1 4 4 3.8139254178653828e-16 2.8368327017718071e-15
256 256 0 1 8 1 3.8139254178653828e-16 8.3436255934465186e-15
256 256 0 1 8 4 3.8139254178653828e-16 2.6699601899028775e-15
256 256 0 1 16 1 3.8139254178653828e-16 8.3436255934465186e-15
256 256 0 1 16 4 3.8139254178653828e-16 2.8368327017718071e-15
256 256 0 1 32 1 3.8139254178653828e-16 8.3436255934465186e-15
256 256 0 1 32 4 3.8139254178653828e-16 2.8368327017718071e-15
256 256 0 1 64 1 3.8139254178653828e-16 8.3436255934465186e-15
256 256 0 1 64 4 3.8139254178653828e-16 2.6699601899028775e-15
256 256 0 2 1 1 3.8139254178653828e-16 8.3436255934465186e-15
256 256 0 2 1 4 3.8139254178653828e-16 2.6699601899028775e-15
256 256 0 2 2 1 3.8139254178653828e-16 8.3436255934465186e-15
256 256 0 2 2 4 3.8139254178653828e-16 2.6699601899028775e-15
256 256 0 2 4 1 3.8139254178653828e-16 8.3436255934465186e-15
256 256 0 2 4 4 3.8139254178653828e-16 2.6699601899028775e-15
256 256 0 2 8 1 3.8139254178653828e-16 8.3436255934465186e-15
256 256 0 2 8 4 3.8139254178653828e-16 2.6699601899028775e-15
256 256 0 2 16 1 3.8139254178653828e-16 8.3436255934465186e-15
256 256 0 2 16 4 3.8139254178653828e-16 2.8368327017718071e-15
256 256 0 2 32 1 3.8139254178653828e-16 8.3436255934465186e-15
256 256 0 2 32 4 3.8139254178653828e-16 2.8368327017718071e-15
256 256 0 2 64 1 3.8139254178653828e-16 8.3436255934465186e-15
256 256 0 2 64 4 3.8139254178653828e-16 2.8368327017718071e-15
256 256 1 0 1 1 3.8139254178653828e-16 8.3436255934465186e-15
256 256 1 0 1 4 3.8139254178653828e-16 2.8368327017718071e-15
256 256 1 0 2 1 3.8139254178653828e-16 8.3436255934465186e-15
256 256 1 0 2 4 3.8139254178653828e-16 2.8368327017718071e-15
256 256 1 0 4 1 3.8139254178653828e-16 8.3436255934465186e-15
256 256 1 0 4 4 3.8139254178653828e-16 2.6699601899028775e-15
256 256 1 0 8 1 3.8139254178653828e-16 8.3436255934465186e-15
256 256 1 0 8 4 3.8139254178653828e-16 2.8368327017718071e-15
256 256 1 0 16 1 3.8139254178653828e-16 8.3436255934465186e-15
256 256 1 0 16 4 3.8139254178653828e-16 2.6699601899028775e-15
256 256 1 0 32 1 3.8139254178653828e-16 8.3436255934465186e-15
256 256 1 0 32 4 3.8139254178653828e-16 2.8368327017718071e-15
256 256 1 0 64 1 3.8139254178653828e-16 8.3436255934465186e-15
256 256 1 0 64 4 3.8139254178653828e-16 2.8368327017718071e-15
256 256 1 1 1 1 3.8139254178653828e-16 8.3436255934465186e-15
256 256 1 1 1 4 3.8139254178653828e-16 2.6699601899028775e-15
256 256 1 1 2 1 3.8139254178653828e-16 8.3436255934465186e-15
256 256 1 1 2 4 3.8139254178653828e-16 2.8368327017718071e-15
256 256 1 1 4 1 3.8139254178653828e-16 8.3436255934465186e-15
256 256 1 1 4 4 3.8139254178653828e-16 2.6699601899028775e-15
256 256 1 1 8 1 3.8139254178653828e-16 8.3436255934465186e-15
256 256 1 1 8 4 3.8139254178653828e-16 2.6699601899028775e-15
256 256 1 1 16 1 3.8139254178653828e-16 8.3436255934465186e-15
256 256 1 1 16 4 3.8139254178653828e-16 2.8368327017718071e-15
256 256 1 1 32 1 3.8139254178653828e-16 8.3436255934465186e-15
256 256 1 1 32 4 3.8139254178653828e-16 2.6699601899028775e-15
256 256 1 1 64 1 3.8139254178653828e-16 8.3436255934465186e-15
256 256 1 1 64 4 3.8139254178653828e-16 2.6699601899028775e-15
256 256 1 2 1 1 3.8139254178653828e-16 8.3436255934465186e-15
256 256 1 2 1 4 3.8139254178653828e-16 2.8368327017718071e-15
256 256 1 2 2 1 3.8139254178653828e-16 8.3436255934465186e-15
256 256 1 2 2 4 3.8139254178653828e-16 2.8368327017718071e-15
256 256 1 2 4 1 3.8139254178653828e-16 8.3436255934465186e-15
256 256 1 2 4 4 3.8139254178653828e-16 2.8368327017718071e-15
256 256 1 2 8 1 3.8139254178653828e-16 8.3436255934465186e-15
256 256 1 2 8 4 3.8139254178653828e-16 2.6699601899028775e-15
256 256 1 2 16 1 3.8139254178653828e-16 8.3436255934465186e-15
256 256 1 2 16 4 3.8139254178653828e-16 2.6699601899028775e-15
256 256 1 2 32 1 3.8139254178653828e-16 8.3436255934465186e-15
256 256 1 2 32 4 3.8139254178653828e-16 2.6699601899028775e-15
256 256 1 2 64 1 3.8139254178653828e-16 8.3436255934465186e-15
256 256 1 2 64 4 3.8139254178653828e-16 2.8368327017718071e-15
