# seed=42 repetitions=10 available_processors=16 memory_limit_mib=512
# máximo medido en serie=256; siguiente tamaño: doble de 256, excede --max-size configurado
# rows cols layout schedule chunk threads speedup sigma_speedup efficiency sigma_efficiency f amdahl_speedup residual fit_clamped
128 128 0 0 0 1 1 0 1 0 0.18640507571009296 1 0 0
128 128 0 0 0 2 2.244688603802786 0.31630170991634593 1.122344301901393 0.15815085495817297 0.18640507571009296 1.6857648714988429 0.5589237323039431 0
128 128 0 0 0 4 2.0480271756378876 1.0935568921490022 0.5120067939094719 0.27338922303725055 0.18640507571009296 2.5653931095593281 -0.51736593392144048 0
128 128 1 0 0 1 1 0 1 0 0 1 0 1
128 128 1 0 0 2 3.0569732548737081 0.37928830300301453 1.528486627436854 0.18964415150150726 0 2 1.0569732548737081 1
128 128 1 0 0 4 5.0661051306300582 1.6382291337691532 1.2665262826575145 0.40955728344228831 0 4 1.0661051306300582 1
256 256 0 0 0 1 1 0 1 0 0.25919870464133393 1 0 0
256 256 0 0 0 2 1.4988497147721715 0.22201687335086978 0.74942485738608577 0.11100843667543489 0.25919870464133393 1.5883116720404138 -0.089461957268242243 0
256 256 0 0 0 4 2.3846633783958469 0.46480481195934109 0.59616584459896171 0.11620120298983527 0.25919870464133393 2.2502299418117504 0.13443343658409646 0
256 256 1 0 0 1 1 0 1 0 0.18766821424008487 1 0 0
256 256 1 0 0 2 1.6865827852943049 0.24654524838499875 0.84329139264715247 0.12327262419249937 0.18766821424008487 1.6839719847850569 0.0026108005092480013 0
256 256 1 0 0 4 2.5551660965781378 0.51466876463002553 0.63879152414453444 0.12866719115750638 0.18766821424008487 2.559173460315765 -0.0040073637376272231 0
256 256 0 0 1 1 1 0 1 0 0.28507704326500516 1 0 0
256 256 0 0 1 4 2.1560655897585979 0.46287232350241853 0.53901639743964946 0.11571808087560463 0.28507704326500516 2.1560655897585979 0 0
256 256 0 0 2 1 1 0 1 0 0.21386614694086936 1 0 0
256 256 0 0 2 4 2.4366494877977543 0.41538186078625938 0.60916237194943856 0.10384546519656485 0.21386614694086936 2.4366494877977543 0 0
256 256 0 0 4 1 1 0 1 0 0.20449942821496489 1 0 0
256 256 0 0 4 4 2.4790853749685495 0.62034785807449899 0.61977134374213738 0.15508696451862475 0.20449942821496489 2.4790853749685495 0 0
256 256 0 0 8 1 1 0 1 0 0.20066418500528158 1 0 0
256 256 0 0 8 4 2.4968905051874208 0.45210024808597982 0.62422262629685521 0.11302506202149495 0.20066418500528158 2.4968905051874213 -4.4408920985006262e-16 0
256 256 0 0 16 1 1 0 1 0 0.1506107096845013 1 0 0
256 256 0 0 16 4 2.7551394682302073 0.39752408684148949 0.68878486705755182 0.099381021710372372 0.1506107096845013 2.7551394682302068 4.4408920985006262e-16 0
256 256 0 0 32 1 1 0 1 0 0.20136944842454829 1 0 0
256 256 0 0 32 4 2.4935971512059179 0.47477729105570043 0.62339928780147946 0.11869432276392511 0.20136944842454829 2.4935971512059179 0 0
256 256 0 0 64 1 1 0 1 0 0.12105714335567212 1 0 0
256 256 0 0 64 4 2.9343337982100692 0.45823117581306883 0.73358344955251731 0.11455779395326721 0.12105714335567212 2.9343337982100692 0 0
256 256 0 1 1 1 1 0 1 0 0.1905433227670946 1 0 0
256 256 0 1 1 4 2.5451283576142614 0.19401057457654219 0.63628208940356534 0.048502643644135549 0.1905433227670946 2.5451283576142614 0 0
256 256 0 1 2 1 1 0 1 0 0.19840675259264762 1 0 0
256 256 0 1 2 4 2.507490724554732 0.53750241665242438 0.626872681138683 0.13437560416310609 0.19840675259264762 2.507490724554732 0 0
256 256 0 1 4 1 1 0 1 0 0.18648283521990883 1 0 0
256 256 0 1 4 4 2.5650093513718142 0.38209895267115046 0.64125233784295355 0.095524738167787615 0.18648283521990883 2.5650093513718142 0 0
256 256 0 1 8 1 1 0 1 0 0.20059295185881698 1 0 0
256 256 0 1 8 4 2.4972236248932584 0.60228525785017939 0.62430590622331461 0.15057131446254485 0.20059295185881698 2.4972236248932584 0 0
256 256 0 1 16 1 1 0 1 0 0.21748988310168907 1 0 0
256 256 0 1 16 4 2.4206193449193867 0.32511282471531061 0.60515483622984667 0.081278206178827653 0.21748988310168907 2.4206193449193862 4.4408920985006262e-16 0
256 256 0 1 32 1 1 0 1 0 0.047410633210585772 1 0 0
256 256 0 1 32 4 3.5019158555189667 1.0827703512524656 0.87547896387974167 0.27069258781311639 0.047410633210585772 3.5019158555189667 0 0
256 256 0 1 64 1 1 0 1 0 0.14656383436153395 1 0 0
256 256 0 1 64 4 2.7783729996529294 0.71200386831443085 0.69459324991323235 0.17800096707860771 0.14656383436153395 2.7783729996529294 0 0
256 256 0 2 1 1 1 0 1 0 0.15876907752134253 1 0 0
256 256 0 2 1 4 2.7094631197144929 0.55435060597357422 0.67736577992862324 0.13858765149339355 0.15876907752134253 2.7094631197144929 0 0
256 256 0 2 2 1 1 0 1 0 0.19493467484516866 1 0 0
256 256 0 2 2 4 2.5239713794722154 0.43050150056901421 0.63099284486805385 0.10762537514225355 0.19493467484516866 2.5239713794722158 -4.4408920985006262e-16 0
256 256 0 2 4 1 1 0 1 0 0.047756626481875841 1 0 0
256 256 0 2 4 4 3.4987364505217289 0.45655577106370865 0.87468411263043222 0.11413894276592716 0.047756626481875841 3.4987364505217293 -4.4408920985006262e-16 0
256 256 0 2 8 1 1 0 1 0 0.1293863316475353 1 0 0
256 256 0 2 8 4 2.8815143038895066 0.52464031646071896 0.72037857597237664 0.13116007911517974 0.1293863316475353 2.8815143038895066 0 0
256 256 0 2 16 1 1 0 1 0 0.17705677891224361 1 0 0
256 256 0 2 16 4 2.6123808070399939 0.60943964222736502 0.65309520175999847 0.15235991055684125 0.17705677891224361 2.6123808070399939 0 0
256 256 0 2 32 1 1 0 1 0 0.11687500159350635 1 0 0
256 256 0 2 32 4 2.9615918451398824 0.92493601510615508 0.7403979612849706 0.23123400377653877 0.11687500159350635 2.9615918451398824 0 0
256 256 0 2 64 1 1 0 1 0 0.22124288769145059 1 0 0
256 256 0 2 64 4 2.404238196274461 0.34922518200397129 0.60105954906861525 0.087306295500992823 0.22124288769145059 2.404238196274461 0 0
256 256 1 0 1 1 1 0 1 0 0.26305985517204467 1 0 0
256 256 1 0 1 4 2.2356615719820714 0.41104934239681723 0.55891539299551785 0.10276233559920431 0.26305985517204467 2.2356615719820714 0 0
256 256 1 0 2 1 1 0 1 0 0.20317112606665103 1 0 0
256 256 1 0 2 4 2.4852232073233949 0.5600458758976552 0.62130580183084871 0.1400114689744138 0.20317112606665103 2.4852232073233949 0 0
256 256 1 0 4 1 1 0 1 0 0.19233362440178423 1 0 0
256 256 1 0 4 4 2.5364602315468288 0.72091891730809643 0.63411505788670719 0.18022972932702411 0.19233362440178423 2.5364602315468288 0 0
256 256 1 0 8 1 1 0 1 0 0.2423787781395027 1 0 0
256 256 1 0 8 4 2.315972352782862 0.53265601646146998 0.57899308819571549 0.1331640041153675 0.2423787781395027 2.315972352782862 0 0
256 256 1 0 16 1 1 0 1 0 0.18715278094188328 1 0 0
256 256 1 0 16 4 2.5617077896305007 0.48123280442833516 0.64042694740762518 0.12030820110708379 0.18715278094188328 2.5617077896305007 0 0
256 256 1 0 32 1 1 0 1 0 0.20691481283184623 1 0 0
256 256 1 0 32 4 2.4680016818154336 0.4750815232359607 0.61700042045385839 0.11877038080899018 0.20691481283184623 2.4680016818154336 0 0
256 256 1 0 64 1 1 0 1 0 0.17588239511665549 1 0 0
256 256 1 0 64 4 2.6184056360393488 0.37718045255979527 0.65460140900983721 0.094295113139948816 0.17588239511665549 2.6184056360393488 0 0
256 256 1 1 1 1 1 0 1 0 0.22647791831082228 1 0 0
256 256 1 1 1 4 2.3817551530401668 0.58489529229001036 0.59543878826004171 0.14622382307250259 0.22647791831082228 2.3817551530401673 -4.4408920985006262e-16 0
256 256 1 1 2 1 1 0 1 0 0.19030891092727611 1 0 0
256 256 1 1 2 4 2.5462677007964083 0.51191475660924635 0.63656692519910207 0.12797868915231159 0.19030891092727611 2.5462677007964083 0 0
256 256 1 1 4 1 1 0 1 0 0.16191705929722033 1 0 0
256 256 1 1 4 4 2.6922408405397706 0.28313815875857212 0.67306021013494266 0.070784539689643031 0.16191705929722033 2.6922408405397706 0 0
256 256 1 1 8 1 1 0 1 0 0.13316626344694518 1 0 0
256 256 1 1 8 4 2.858166100326414 0.39704337489011304 0.71454152508160351 0.099260843722528261 0.13316626344694518 2.858166100326414 0 0
256 256 1 1 16 1 1 0 1 0 0.21951559713626509 1 0 0
256 256 1 1 16 4 2.4117498648333813 0.30863763029078933 0.60293746620834532 0.077159407572697333 0.21951559713626509 2.4117498648333813 0 0
256 256 1 1 32 1 1 0 1 0 0.20116152310930654 1 0 0
256 256 1 1 32 4 2.4945671922970543 0.58109567452327682 0.62364179807426356 0.1452739186308192 0.20116152310930654 2.4945671922970543 0 0
256 256 1 1 64 1 1 0 1 0 0.16240561458877098 1 0 0
256 256 1 1 64 4 2.6895876124359721 0.63644504901813725 0.67239690310899303 0.15911126225453431 0.16240561458877098 2.6895876124359721 0 0
256 256 1 2 1 1 1 0 1 0 0.18590573612491279 1 0 0
256 256 1 2 1 4 2.567860185722314 0.43092468132505662 0.6419650464305785 0.10773117033126416 0.18590573612491279 2.567860185722314 0 0
256 256 1 2 2 1 1 0 1 0 0.16779496785282552 1 0 0
256 256 1 2 2 4 2.6606626091110099 0.63081013429449706 0.66516565227775248 0.15770253357362427 0.16779496785282552 2.6606626091110099 0 0
256 256 1 2 4 1 1 0 1 0 0.0316047704486336 1 0 0
256 256 1 2 4 4 3.6535876070916844 1.0233180959842625 0.9133969017729211 0.25582952399606562 0.0316047704486336 3.6535876070916844 0 0
256 256 1 2 8 1 1 0 1 0 0.092347514553054719 1 0 0
256 256 1 2 8 4 3.1322370737458991 1.119048852144892 0.78305926843647478 0.27976221303622301 0.092347514553054719 3.1322370737458991 0 0
256 256 1 2 16 1 1 0 1 0 0.16098273079963765 1 0 0
256 256 1 2 16 4 2.6973295631652117 0.66779207416802688 0.67433239079130292 0.16694801854200672 0.16098273079963765 2.6973295631652117 0 0
256 256 1 2 32 1 1 0 1 0 0.097868880775628206 1 0 0
256 256 1 2 32 4 3.0921300719397746 0.29727237749509916 0.77303251798494366 0.07431809437377479 0.097868880775628206 3.0921300719397746 0 0
256 256 1 2 64 1 1 0 1 0 0.11917182235219299 1 0 0
256 256 1 2 64 4 2.9465594293912281 0.39067813187903672 0.73663985734780701 0.097669532969759179 0.11917182235219299 2.9465594293912281 0 0
